1.048470201446351918e-01 -9.944883621072648783e-01 0.000000000000000000e+00 5.528331547288655834e+00 9.944883621072648783e-01 1.048470201446351918e-01 0.000000000000000000e+00 -1.504534914240758070e+01 0.000000000000000000e+00 0.000000000000000000e+00 1.000000000000000000e+00 0.000000000000000000e+00
1.048470201446351918e-01 -9.944883621072648783e-01 0.000000000000000000e+00 5.528331547288655834e+00 9.944883621072648783e-01 1.048470201446351918e-01 0.000000000000000000e+00 -1.504534914240758070e+01 0.000000000000000000e+00 0.000000000000000000e+00 1.000000000000000000e+00 0.000000000000000000e+00
1.048470201446351918e-01 -9.944883621072648783e-01 0.000000000000000000e+00 5.528331547288655834e+00 9.944883621072648783e-01 1.048470201446351918e-01 0.000000000000000000e+00 -1.504534914240758070e+01 0.000000000000000000e+00 0.000000000000000000e+00 1.000000000000000000e+00 0.000000000000000000e+00
1.048470201446351918e-01 -9.944883621072648783e-01 0.000000000000000000e+00 5.534257342555965131e+00 9.944883621072648783e-01 1.048470201446351918e-01 0.000000000000000000e+00 -1.498350348815079514e+01 0.000000000000000000e+00 0.000000000000000000e+00 1.000000000000000000e+00 0.000000000000000000e+00
1.063684640154816258e-01 -9.943267822315695614e-01 0.000000000000000000e+00 5.549227292757328733e+00 9.943267822315695614e-01 1.063684640154816258e-01 0.000000000000000000e+00 -1.482389176993759783e+01 0.000000000000000000e+00 0.000000000000000000e+00 1.000000000000000000e+00 0.000000000000000000e+00
1.048470201446351918e-01 -9.944883621072648783e-01 0.000000000000000000e+00 5.564259427771927946e+00 9.944883621072648783e-01 1.048470201446351918e-01 0.000000000000000000e+00 -1.466228101869591072e+01 0.000000000000000000e+00 0.000000000000000000e+00 1.000000000000000000e+00 0.000000000000000000e+00
1.048470201446351918e-01 -9.944883621072648783e-01 0.000000000000000000e+00 5.579042823533582052e+00 9.944883621072648783e-01 1.048470201446351918e-01 0.000000000000000000e+00 -1.450866639956818993e+01 0.000000000000000000e+00 0.000000000000000000e+00 1.000000000000000000e+00 0.000000000000000000e+00
1.048470201446351918e-01 -9.944883621072648783e-01 0.000000000000000000e+00 5.593919496515091794e+00 9.944883621072648783e-01 1.048470201446351918e-01 0.000000000000000000e+00 -1.435205323089773266e+01 0.000000000000000000e+00 0.000000000000000000e+00 1.000000000000000000e+00 0.000000000000000000e+00
1.063684640154816258e-01 -9.943267822315695614e-01 0.000000000000000000e+00 5.608889446716454508e+00 9.943267822315695614e-01 1.063684640154816258e-01 0.000000000000000000e+00 -1.419244151268453713e+01 0.000000000000000000e+00 0.000000000000000000e+00 1.000000000000000000e+00 0.000000000000000000e+00
1.048470201446351918e-01 -9.944883621072648783e-01 0.000000000000000000e+00 5.623548472851636504e+00 9.944883621072648783e-01 1.048470201446351918e-01 0.000000000000000000e+00 -1.404282495961380128e+01 0.000000000000000000e+00 0.000000000000000000e+00 1.000000000000000000e+00 0.000000000000000000e+00
1.002812301283904084e-01 -9.949591322682237449e-01 0.000000000000000000e+00 5.637114705252717961e+00 9.949591322682237449e-01 1.002812301283904084e-01 0.000000000000000000e+00 -1.389617586367918634e+01 0.000000000000000000e+00 0.000000000000000000e+00 1.000000000000000000e+00 0.000000000000000000e+00
6.979328582099034173e-02 -9.975614754261060702e-01 0.000000000000000000e+00 5.647216002011789193e+00 9.975614754261060702e-01 6.979328582099034173e-02 0.000000000000000000e+00 -1.376442623823840883e+01 0.000000000000000000e+00 0.000000000000000000e+00 1.000000000000000000e+00 0.000000000000000000e+00
6.826693566352003140e-02 -9.976670915165604114e-01 0.000000000000000000e+00 5.656064483501203277e+00 9.976670915165604114e-01 6.826693566352003140e-02 0.000000000000000000e+00 -1.360862603164249052e+01 0.000000000000000000e+00 0.000000000000000000e+00 1.000000000000000000e+00 0.000000000000000000e+00
6.979328582099034173e-02 -9.975614754261060702e-01 0.000000000000000000e+00 5.665943573911481401e+00 9.975614754261060702e-01 6.979328582099034173e-02 0.000000000000000000e+00 -1.345185740093894111e+01 0.000000000000000000e+00 0.000000000000000000e+00 1.000000000000000000e+00 0.000000000000000000e+00
6.979328582099034173e-02 -9.975614754261060702e-01 0.000000000000000000e+00 5.674760962994277236e+00 9.975614754261060702e-01 6.979328582099034173e-02 0.000000000000000000e+00 -1.329705671085726593e+01 0.000000000000000000e+00 0.000000000000000000e+00 1.000000000000000000e+00 0.000000000000000000e+00
6.979328582099034173e-02 -9.975614754261060702e-01 0.000000000000000000e+00 5.684577868591319749e+00 9.975614754261060702e-01 6.979328582099034173e-02 0.000000000000000000e+00 -1.314228711318221166e+01 0.000000000000000000e+00 0.000000000000000000e+00 1.000000000000000000e+00 0.000000000000000000e+00
6.979328582099034173e-02 -9.975614754261060702e-01 0.000000000000000000e+00 5.693395257674114696e+00 9.975614754261060702e-01 6.979328582099034173e-02 0.000000000000000000e+00 -1.298748642310053647e+01 0.000000000000000000e+00 0.000000000000000000e+00 1.000000000000000000e+00 0.000000000000000000e+00
6.979328582099034173e-02 -9.975614754261060702e-01 0.000000000000000000e+00 5.702212646756911418e+00 9.975614754261060702e-01 6.979328582099034173e-02 0.000000000000000000e+00 -1.283268573301886128e+01 0.000000000000000000e+00 0.000000000000000000e+00 1.000000000000000000e+00 0.000000000000000000e+00
6.979328582099034173e-02 -9.975614754261060702e-01 0.000000000000000000e+00 5.712091737167189542e+00 9.975614754261060702e-01 6.979328582099034173e-02 0.000000000000000000e+00 -1.267591710231531188e+01 0.000000000000000000e+00 0.000000000000000000e+00 1.000000000000000000e+00 0.000000000000000000e+00
6.979328582099034173e-02 -9.975614754261060702e-01 0.000000000000000000e+00 5.720909126249985377e+00 9.975614754261060702e-01 6.979328582099034173e-02 0.000000000000000000e+00 -1.252111641223363847e+01 0.000000000000000000e+00 0.000000000000000000e+00 1.000000000000000000e+00 0.000000000000000000e+00
6.979328582099034173e-02 -9.975614754261060702e-01 0.000000000000000000e+00 5.730726031847027002e+00 9.975614754261060702e-01 6.979328582099034173e-02 0.000000000000000000e+00 -1.236634681455858242e+01 0.000000000000000000e+00 0.000000000000000000e+00 1.000000000000000000e+00 0.000000000000000000e+00
6.979328582099034173e-02 -9.975614754261060702e-01 0.000000000000000000e+00 5.739543420929823725e+00 9.975614754261060702e-01 6.979328582099034173e-02 0.000000000000000000e+00 -1.221154612447690724e+01 0.000000000000000000e+00 0.000000000000000000e+00 1.000000000000000000e+00 0.000000000000000000e+00
6.979328582099034173e-02 -9.975614754261060702e-01 0.000000000000000000e+00 5.749422511340101849e+00 9.975614754261060702e-01 6.979328582099034173e-02 0.000000000000000000e+00 -1.205477749377335961e+01 0.000000000000000000e+00 0.000000000000000000e+00 1.000000000000000000e+00 0.000000000000000000e+00
-8.179836693583979537e-03 -9.999665445762004889e-01 0.000000000000000000e+00 5.751603539305837565e+00 9.999665445762004889e-01 -8.179836693583979537e-03 0.000000000000000000e+00 -1.201682695863862627e+01 0.000000000000000000e+00 0.000000000000000000e+00 1.000000000000000000e+00 0.000000000000000000e+00
-1.074222471054576133e-01 -9.942134885560616198e-01 0.000000000000000000e+00 5.752478686193610358e+00 9.942134885560616198e-01 -1.074222471054576133e-01 0.000000000000000000e+00 -1.202085611710222857e+01 0.000000000000000000e+00 0.000000000000000000e+00 1.000000000000000000e+00 0.000000000000000000e+00
-2.100928495492717929e-01 -9.776814381833517364e-01 0.000000000000000000e+00 5.752478686193610358e+00 9.776814381833517364e-01 -2.100928495492717929e-01 0.000000000000000000e+00 -1.202085611710222857e+01 0.000000000000000000e+00 0.000000000000000000e+00 1.000000000000000000e+00 0.000000000000000000e+00
-3.104913899772564490e-01 -9.505761919751574140e-01 0.000000000000000000e+00 5.752478686193610358e+00 9.505761919751574140e-01 -3.104913899772564490e-01 0.000000000000000000e+00 -1.202085611710222857e+01 0.000000000000000000e+00 0.000000000000000000e+00 1.000000000000000000e+00 0.000000000000000000e+00
-4.075321022536080307e-01 -9.131908812689463195e-01 0.000000000000000000e+00 5.752478686193610358e+00 9.131908812689463195e-01 -4.075321022536080307e-01 0.000000000000000000e+00 -1.202085611710222857e+01 0.000000000000000000e+00 0.000000000000000000e+00 1.000000000000000000e+00 0.000000000000000000e+00
-5.001655336301721322e-01 -8.659298118025763324e-01 0.000000000000000000e+00 5.752478686193610358e+00 8.659298118025763324e-01 -5.001655336301721322e-01 0.000000000000000000e+00 -1.202085611710222857e+01 0.000000000000000000e+00 0.000000000000000000e+00 1.000000000000000000e+00 0.000000000000000000e+00
-5.886274414422908441e-01 -8.084044378781591877e-01 0.000000000000000000e+00 5.752478686193610358e+00 8.084044378781591877e-01 -5.886274414422908441e-01 0.000000000000000000e+00 -1.202085611710222857e+01 0.000000000000000000e+00 0.000000000000000000e+00 1.000000000000000000e+00 0.000000000000000000e+00
-6.693993150289997418e-01 -7.429027911097829673e-01 0.000000000000000000e+00 5.752478686193610358e+00 7.429027911097829673e-01 -6.693993150289997418e-01 0.000000000000000000e+00 -1.202085611710222857e+01 0.000000000000000000e+00 0.000000000000000000e+00 1.000000000000000000e+00 0.000000000000000000e+00
-7.429319287061367794e-01 -6.693669765599283838e-01 0.000000000000000000e+00 5.752478686193610358e+00 6.693669765599283838e-01 -7.429319287061367794e-01 0.000000000000000000e+00 -1.202085611710222857e+01 0.000000000000000000e+00 0.000000000000000000e+00 1.000000000000000000e+00 0.000000000000000000e+00
-8.084300594914743954e-01 -5.885922518268578152e-01 0.000000000000000000e+00 5.752478686193610358e+00 5.885922518268578152e-01 -8.084300594914743954e-01 0.000000000000000000e+00 -1.202085611710222857e+01 0.000000000000000000e+00 0.000000000000000000e+00 1.000000000000000000e+00 0.000000000000000000e+00
-8.651853738568362484e-01 -5.014521600952641656e-01 0.000000000000000000e+00 5.752478686193610358e+00 5.014521600952641656e-01 -8.651853738568362484e-01 0.000000000000000000e+00 -1.202085611710222857e+01 0.000000000000000000e+00 0.000000000000000000e+00 1.000000000000000000e+00 0.000000000000000000e+00
-9.125840879573422493e-01 -4.088890832573862655e-01 0.000000000000000000e+00 5.752478686193610358e+00 4.088890832573862655e-01 -9.125840879573422493e-01 0.000000000000000000e+00 -1.202085611710222857e+01 0.000000000000000000e+00 0.000000000000000000e+00 1.000000000000000000e+00 0.000000000000000000e+00
-9.505897064623720638e-01 -3.104500120273494534e-01 0.000000000000000000e+00 5.752478686193610358e+00 3.104500120273494534e-01 -9.505897064623720638e-01 0.000000000000000000e+00 -1.202085611710222857e+01 0.000000000000000000e+00 0.000000000000000000e+00 1.000000000000000000e+00 0.000000000000000000e+00
-9.776905823942130258e-01 -2.100502918295153731e-01 0.000000000000000000e+00 5.752478686193610358e+00 2.100502918295153731e-01 -9.776905823942130258e-01 0.000000000000000000e+00 -1.202085611710222857e+01 0.000000000000000000e+00 0.000000000000000000e+00 1.000000000000000000e+00 0.000000000000000000e+00
-9.924589634623524059e-01 -1.225773463704980665e-01 0.000000000000000000e+00 5.698691348864030282e+00 1.225773463704980665e-01 -9.924589634623524059e-01 0.000000000000000000e+00 -1.201318002805937368e+01 0.000000000000000000e+00 0.000000000000000000e+00 1.000000000000000000e+00 0.000000000000000000e+00
-9.966744903778291809e-01 -8.148595112100262550e-02 0.000000000000000000e+00 5.582902895244571617e+00 8.148595112100262550e-02 -9.966744903778291809e-01 0.000000000000000000e+00 -1.200457572632043757e+01 0.000000000000000000e+00 0.000000000000000000e+00 1.000000000000000000e+00 0.000000000000000000e+00
-9.965486503639054972e-01 -8.301076712016648707e-02 0.000000000000000000e+00 5.416170191805179890e+00 8.301076712016648707e-02 -9.965486503639054972e-01 0.000000000000000000e+00 -1.199338619532973205e+01 0.000000000000000000e+00 0.000000000000000000e+00 1.000000000000000000e+00 0.000000000000000000e+00
-9.965486503639054972e-01 -8.301076712016648707e-02 0.000000000000000000e+00 5.250437004880034841e+00 8.301076712016648707e-02 -9.965486503639054972e-01 0.000000000000000000e+00 -1.198222775674564389e+01 0.000000000000000000e+00 0.000000000000000000e+00 1.000000000000000000e+00 0.000000000000000000e+00
-9.943812896768328136e-01 -1.058576909848246012e-01 0.000000000000000000e+00 5.115719922303137324e+00 1.058576909848246012e-01 -9.943812896768328136e-01 0.000000000000000000e+00 -1.197103366625247212e+01 0.000000000000000000e+00 0.000000000000000000e+00 1.000000000000000000e+00 0.000000000000000000e+00
-9.943812896768328136e-01 -1.058576909848246012e-01 0.000000000000000000e+00 4.967071793340029906e+00 1.058576909848246012e-01 -9.943812896768328136e-01 0.000000000000000000e+00 -1.195740524903815505e+01 0.000000000000000000e+00 0.000000000000000000e+00 1.000000000000000000e+00 0.000000000000000000e+00
-9.942181635993778688e-01 -1.073789698641253176e-01 0.000000000000000000e+00 4.818423664376923377e+00 1.073789698641253176e-01 -9.942181635993778688e-01 0.000000000000000000e+00 -1.194377683182383798e+01 0.000000000000000000e+00 0.000000000000000000e+00 1.000000000000000000e+00 0.000000000000000000e+00
-9.942181635993778688e-01 -1.073789698641253176e-01 0.000000000000000000e+00 4.669775535413815959e+00 1.073789698641253176e-01 -9.942181635993778688e-01 0.000000000000000000e+00 -1.193014841460951914e+01 0.000000000000000000e+00 0.000000000000000000e+00 1.000000000000000000e+00 0.000000000000000000e+00
-9.942181635993778688e-01 -1.073789698641253176e-01 0.000000000000000000e+00 4.513162366743358689e+00 1.073789698641253176e-01 -9.942181635993778688e-01 0.000000000000000000e+00 -1.191527174162801295e+01 0.000000000000000000e+00 0.000000000000000000e+00 1.000000000000000000e+00 0.000000000000000000e+00
-9.943812896768328136e-01 -1.058576909848246012e-01 0.000000000000000000e+00 4.353519556123544021e+00 1.058576909848246012e-01 -9.943812896768328136e-01 0.000000000000000000e+00 -1.190130130794089425e+01 0.000000000000000000e+00 0.000000000000000000e+00 1.000000000000000000e+00 0.000000000000000000e+00
-9.943812896768328136e-01 -1.058576909848246012e-01 0.000000000000000000e+00 4.193907837910348491e+00 1.058576909848246012e-01 -9.943812896768328136e-01 0.000000000000000000e+00 -1.188633135773953065e+01 0.000000000000000000e+00 0.000000000000000000e+00 1.000000000000000000e+00 0.000000000000000000e+00
-9.943812896768328136e-01 -1.058576909848246012e-01 0.000000000000000000e+00 4.029298537125921342e+00 1.058576909848246012e-01 -9.943812896768328136e-01 0.000000000000000000e+00 -1.187120594550507668e+01 0.000000000000000000e+00 0.000000000000000000e+00 1.000000000000000000e+00 0.000000000000000000e+00
-9.956024684824095194e-01 -9.367883833466784937e-02 0.000000000000000000e+00 3.869686818912726256e+00 9.367883833466784937e-02 -9.956024684824095194e-01 0.000000000000000000e+00 -1.185623599530371131e+01 0.000000000000000000e+00 0.000000000000000000e+00 1.000000000000000000e+00 0.000000000000000000e+00
-9.954579746129204043e-01 -9.520199987154841226e-02 0.000000000000000000e+00 3.703016300286570583e+00 9.520199987154841226e-02 -9.954579746129204043e-01 0.000000000000000000e+00 -1.184304743128451420e+01 0.000000000000000000e+00 0.000000000000000000e+00 1.000000000000000000e+00 0.000000000000000000e+00
-9.954579746129204043e-01 -9.520199987154841226e-02 0.000000000000000000e+00 3.536345781660415799e+00 9.520199987154841226e-02 -9.954579746129204043e-01 0.000000000000000000e+00 -1.182985886726531533e+01 0.000000000000000000e+00 0.000000000000000000e+00 1.000000000000000000e+00 0.000000000000000000e+00
-9.954579746129204043e-01 -9.520199987154841226e-02 0.000000000000000000e+00 3.370674779548506805e+00 9.520199987154841226e-02 -9.954579746129204043e-01 0.000000000000000000e+00 -1.181670139565273736e+01 0.000000000000000000e+00 0.000000000000000000e+00 1.000000000000000000e+00 0.000000000000000000e+00
-9.954579746129204043e-01 -9.520199987154841226e-02 0.000000000000000000e+00 3.203035836814723591e+00 9.520199987154841226e-02 -9.954579746129204043e-01 0.000000000000000000e+00 -1.180248222271267444e+01 0.000000000000000000e+00 0.000000000000000000e+00 1.000000000000000000e+00 0.000000000000000000e+00
-9.954579746129204043e-01 -9.520199987154841226e-02 0.000000000000000000e+00 2.953529817132614088e+00 9.520199987154841226e-02 -9.954579746129204043e-01 0.000000000000000000e+00 -1.178271492288718569e+01 0.000000000000000000e+00 0.000000000000000000e+00 1.000000000000000000e+00 0.000000000000000000e+00
-9.954579746129204043e-01 -9.520199987154841226e-02 0.000000000000000000e+00 2.786859298506459304e+00 9.520199987154841226e-02 -9.954579746129204043e-01 0.000000000000000000e+00 -1.176952635886798859e+01 0.000000000000000000e+00 0.000000000000000000e+00 1.000000000000000000e+00 0.000000000000000000e+00
-9.954579746129204043e-01 -9.520199987154841226e-02 0.000000000000000000e+00 2.620188779880304075e+00 9.520199987154841226e-02 -9.954579746129204043e-01 0.000000000000000000e+00 -1.175633779484878971e+01 0.000000000000000000e+00 0.000000000000000000e+00 1.000000000000000000e+00 0.000000000000000000e+00
-9.981911494232476034e-01 -6.012012319594686738e-02 0.000000000000000000e+00 2.471447373697342353e+00 6.012012319594686738e-02 -9.981911494232476034e-01 0.000000000000000000e+00 -1.174570792717721268e+01 0.000000000000000000e+00 0.000000000000000000e+00 1.000000000000000000e+00 0.000000000000000000e+00
-9.999190204786914116e-01 -1.272605535640736023e-02 0.000000000000000000e+00 2.339480101410238433e+00 1.272605535640736023e-02 -9.999190204786914116e-01 0.000000000000000000e+00 -1.174260324601786287e+01 0.000000000000000000e+00 0.000000000000000000e+00 1.000000000000000000e+00 0.000000000000000000e+00
-9.994498065540163845e-01 3.316751692754772718e-02 0.000000000000000000e+00 2.206357850575797031e+00 -3.316751692754772718e-02 -9.994498065540163845e-01 0.000000000000000000e+00 -1.174446505502312732e+01 0.000000000000000000e+00 0.000000000000000000e+00 1.000000000000000000e+00 0.000000000000000000e+00
-9.918148889360673959e-01 1.276840870458656740e-01 0.000000000000000000e+00 2.175310653820931250e+00 -1.276840870458656740e-01 -9.918148889360673959e-01 0.000000000000000000e+00 -1.174550022344645583e+01 0.000000000000000000e+00 0.000000000000000000e+00 1.000000000000000000e+00 0.000000000000000000e+00
-9.724832245707767386e-01 2.329729124349531055e-01 0.000000000000000000e+00 2.167252336893725762e+00 -2.329729124349531055e-01 -9.724832245707767386e-01 0.000000000000000000e+00 -1.174725051722200497e+01 0.000000000000000000e+00 0.000000000000000000e+00 1.000000000000000000e+00 0.000000000000000000e+00
-9.425197903001335531e-01 3.341503327734272610e-01 0.000000000000000000e+00 2.128866508066337815e+00 -3.341503327734272610e-01 -9.425197903001335531e-01 0.000000000000000000e+00 -1.175906272045571477e+01 0.000000000000000000e+00 0.000000000000000000e+00 1.000000000000000000e+00 0.000000000000000000e+00
-9.027210046457446735e-01 4.302264377875649193e-01 0.000000000000000000e+00 2.092355342640969784e+00 -4.302264377875649193e-01 -9.027210046457446735e-01 0.000000000000000000e+00 -1.177493517455964600e+01 0.000000000000000000e+00 0.000000000000000000e+00 1.000000000000000000e+00 0.000000000000000000e+00
-8.555450644694528872e-01 5.177283483275372244e-01 0.000000000000000000e+00 2.069992870448137623e+00 -5.177283483275372244e-01 -8.555450644694528872e-01 0.000000000000000000e+00 -1.178624533978499933e+01 0.000000000000000000e+00 0.000000000000000000e+00 1.000000000000000000e+00 0.000000000000000000e+00
-7.971515566285105603e-01 6.037792607938290423e-01 0.000000000000000000e+00 2.069992870448137623e+00 -6.037792607938290423e-01 -7.971515566285105603e-01 0.000000000000000000e+00 -1.178624533978499933e+01 0.000000000000000000e+00 0.000000000000000000e+00 1.000000000000000000e+00 0.000000000000000000e+00
-7.290909003720991155e-01 6.844168751532955230e-01 0.000000000000000000e+00 2.069961778041519374e+00 -6.844168751532955230e-01 -7.290909003720991155e-01 0.000000000000000000e+00 -1.178724485629924601e+01 0.000000000000000000e+00 0.000000000000000000e+00 1.000000000000000000e+00 0.000000000000000000e+00
-6.529120518679772944e-01 7.574337281409824207e-01 0.000000000000000000e+00 2.068931169120655333e+00 -7.574337281409824207e-01 -6.529120518679772944e-01 0.000000000000000000e+00 -1.178821328040687355e+01 0.000000000000000000e+00 0.000000000000000000e+00 1.000000000000000000e+00 0.000000000000000000e+00
-5.757349421125195210e-01 8.176363962243203831e-01 0.000000000000000000e+00 2.043885630953732324e+00 -8.176363962243203831e-01 -5.757349421125195210e-01 0.000000000000000000e+00 -1.182145062413240488e+01 0.000000000000000000e+00 0.000000000000000000e+00 1.000000000000000000e+00 0.000000000000000000e+00
-4.943724382088405811e-01 8.692501897264366395e-01 0.000000000000000000e+00 2.033361894898762401e+00 -8.692501897264366395e-01 -4.943724382088405811e-01 0.000000000000000000e+00 -1.183813148080841060e+01 0.000000000000000000e+00 0.000000000000000000e+00 1.000000000000000000e+00 0.000000000000000000e+00
-4.014255024907398273e-01 9.158916780657290202e-01 0.000000000000000000e+00 2.033361894898762401e+00 -9.158916780657290202e-01 -4.014255024907398273e-01 0.000000000000000000e+00 -1.183813148080841060e+01 0.000000000000000000e+00 0.000000000000000000e+00 1.000000000000000000e+00 0.000000000000000000e+00
-3.041373260710231730e-01 9.526281997140164659e-01 0.000000000000000000e+00 2.033361894898762401e+00 -9.526281997140164659e-01 -3.041373260710231730e-01 0.000000000000000000e+00 -1.183813148080841060e+01 0.000000000000000000e+00 0.000000000000000000e+00 1.000000000000000000e+00 0.000000000000000000e+00
-2.035600378953847378e-01 9.790624653064938787e-01 0.000000000000000000e+00 2.033361894898762401e+00 -9.790624653064938787e-01 -2.035600378953847378e-01 0.000000000000000000e+00 -1.183813148080841060e+01 0.000000000000000000e+00 0.000000000000000000e+00 1.000000000000000000e+00 0.000000000000000000e+00
-1.114308246538848329e-01 9.937721928676386263e-01 0.000000000000000000e+00 2.029275111124389408e+00 -9.937721928676386263e-01 -1.114308246538848329e-01 0.000000000000000000e+00 -1.187302128158716741e+01 0.000000000000000000e+00 0.000000000000000000e+00 1.000000000000000000e+00 0.000000000000000000e+00
-5.502492090204064851e-02 9.984849813991816259e-01 0.000000000000000000e+00 2.025415093201274885e+00 -9.984849813991816259e-01 -5.502492090204064851e-02 0.000000000000000000e+00 -1.196494570849119121e+01 0.000000000000000000e+00 0.000000000000000000e+00 1.000000000000000000e+00 0.000000000000000000e+00
-5.502492090204064851e-02 9.984849813991816259e-01 0.000000000000000000e+00 2.019192052375180957e+00 -9.984849813991816259e-01 -5.502492090204064851e-02 0.000000000000000000e+00 -1.213283339047791998e+01 0.000000000000000000e+00 0.000000000000000000e+00 1.000000000000000000e+00 0.000000000000000000e+00
-5.502492090204064851e-02 9.984849813991816259e-01 0.000000000000000000e+00 2.012969011549087917e+00 -9.984849813991816259e-01 -5.502492090204064851e-02 0.000000000000000000e+00 -1.230072107246464874e+01 0.000000000000000000e+00 0.000000000000000000e+00 1.000000000000000000e+00 0.000000000000000000e+00
-6.266164641679099201e-02 9.980348280838384767e-01 0.000000000000000000e+00 2.007056894789175594e+00 -9.980348280838384767e-01 -6.266164641679099201e-02 0.000000000000000000e+00 -1.245861358930891605e+01 0.000000000000000000e+00 0.000000000000000000e+00 1.000000000000000000e+00 0.000000000000000000e+00
-7.792364944767958546e-02 9.969593295901068020e-01 0.000000000000000000e+00 1.999394484253716575e+00 -9.969593295901068020e-01 -7.792364944767958546e-02 0.000000000000000000e+00 -1.260844778922597698e+01 0.000000000000000000e+00 0.000000000000000000e+00 1.000000000000000000e+00 0.000000000000000000e+00
-9.621366114155915916e-02 9.953607041719786386e-01 0.000000000000000000e+00 1.989919595129473917e+00 -9.953607041719786386e-01 -9.621366114155915916e-02 0.000000000000000000e+00 -1.275222270524432666e+01 0.000000000000000000e+00 0.000000000000000000e+00 1.000000000000000000e+00 0.000000000000000000e+00
-9.621366114155915916e-02 9.953607041719786386e-01 0.000000000000000000e+00 1.976731031110275927e+00 -9.953607041719786386e-01 -9.621366114155915916e-02 0.000000000000000000e+00 -1.291889322387048189e+01 0.000000000000000000e+00 0.000000000000000000e+00 1.000000000000000000e+00 0.000000000000000000e+00
-1.038252809403209243e-01 9.945955514869666558e-01 0.000000000000000000e+00 1.963791206344022822e+00 -9.945955514869666558e-01 -1.038252809403209243e-01 0.000000000000000000e+00 -1.307756761038266724e+01 0.000000000000000000e+00 0.000000000000000000e+00 1.000000000000000000e+00 0.000000000000000000e+00
-1.129511650914902798e-01 9.936005406120081984e-01 0.000000000000000000e+00 1.951162305643951322e+00 -9.936005406120081984e-01 -1.129511650914902798e-01 0.000000000000000000e+00 -1.322624683175239291e+01 0.000000000000000000e+00 0.000000000000000000e+00 1.000000000000000000e+00 0.000000000000000000e+00
-1.144712411219383497e-01 9.934265624373062042e-01 0.000000000000000000e+00 1.936192355442588164e+00 -9.934265624373062042e-01 -1.144712411219383497e-01 0.000000000000000000e+00 -1.338585854996558844e+01 0.000000000000000000e+00 0.000000000000000000e+00 1.000000000000000000e+00 0.000000000000000000e+00
-1.342065502835826651e-01 9.909533802661859569e-01 0.000000000000000000e+00 1.922061900219914410e+00 -9.909533802661859569e-01 -1.342065502835826651e-01 0.000000000000000000e+00 -1.351848332229414140e+01 0.000000000000000000e+00 0.000000000000000000e+00 1.000000000000000000e+00 0.000000000000000000e+00
-1.614430653382988023e-01 9.868820277288333775e-01 0.000000000000000000e+00 1.904995080267739116e+00 -9.868820277288333775e-01 -1.614430653382988023e-01 0.000000000000000000e+00 -1.364901578437434537e+01 0.000000000000000000e+00 0.000000000000000000e+00 1.000000000000000000e+00 0.000000000000000000e+00
-1.780286420397500791e-01 9.840253058806376352e-01 0.000000000000000000e+00 1.882464291645060683e+00 -9.840253058806376352e-01 -1.780286420397500791e-01 0.000000000000000000e+00 -1.379438553213514851e+01 0.000000000000000000e+00 0.000000000000000000e+00 1.000000000000000000e+00 0.000000000000000000e+00
-1.795339917966843335e-01 9.837517704124084661e-01 0.000000000000000000e+00 1.876471752062049969e+00 -9.837517704124084661e-01 -1.795339917966843335e-01 0.000000000000000000e+00 -1.382621459855793411e+01 0.000000000000000000e+00 0.000000000000000000e+00 1.000000000000000000e+00 0.000000000000000000e+00
-1.432977196303018563e-01 9.896796267220798748e-01 0.000000000000000000e+00 1.867236483185821028e+00 -9.896796267220798748e-01 -1.432977196303018563e-01 0.000000000000000000e+00 -1.389796214073732727e+01 0.000000000000000000e+00 0.000000000000000000e+00 1.000000000000000000e+00 0.000000000000000000e+00
-1.432977196303018563e-01 9.896796267220798748e-01 0.000000000000000000e+00 1.846145064272508574e+00 -9.896796267220798748e-01 -1.432977196303018563e-01 0.000000000000000000e+00 -1.406138537056780002e+01 0.000000000000000000e+00 0.000000000000000000e+00 1.000000000000000000e+00 0.000000000000000000e+00
-1.432977196303018563e-01 9.896796267220798748e-01 0.000000000000000000e+00 1.825928792246969801e+00 -9.896796267220798748e-01 -1.432977196303018563e-01 0.000000000000000000e+00 -1.422883775886187152e+01 0.000000000000000000e+00 0.000000000000000000e+00 1.000000000000000000e+00 0.000000000000000000e+00
-1.432977196303018563e-01 9.896796267220798748e-01 0.000000000000000000e+00 1.804775188520420848e+00 -9.896796267220798748e-01 -1.432977196303018563e-01 0.000000000000000000e+00 -1.439426002172083585e+01 0.000000000000000000e+00 0.000000000000000000e+00 1.000000000000000000e+00 0.000000000000000000e+00
-1.432977196303018563e-01 9.896796267220798748e-01 0.000000000000000000e+00 1.783559399980635840e+00 -9.896796267220798748e-01 -1.432977196303018563e-01 0.000000000000000000e+00 -1.456168131760829176e+01 0.000000000000000000e+00 0.000000000000000000e+00 1.000000000000000000e+00 0.000000000000000000e+00
-1.402686338079421335e-01 9.901134835813788504e-01 0.000000000000000000e+00 1.762405796254087109e+00 -9.901134835813788504e-01 -1.402686338079421335e-01 0.000000000000000000e+00 -1.472710358046725609e+01 0.000000000000000000e+00 0.000000000000000000e+00 1.000000000000000000e+00 0.000000000000000000e+00
-1.190298471886427900e-01 9.928906764988018052e-01 0.000000000000000000e+00 1.744219649663658611e+00 -9.928906764988018052e-01 -1.190298471886427900e-01 0.000000000000000000e+00 -1.489361863706032096e+01 0.000000000000000000e+00 0.000000000000000000e+00 1.000000000000000000e+00 0.000000000000000000e+00
-1.053468900182028406e-01 9.944355347449590488e-01 0.000000000000000000e+00 1.729032052615968373e+00 -9.944355347449590488e-01 -1.053468900182028406e-01 0.000000000000000000e+00 -1.506022697087323792e+01 0.000000000000000000e+00 0.000000000000000000e+00 1.000000000000000000e+00 0.000000000000000000e+00
-1.053468900182028406e-01 9.944355347449590488e-01 0.000000000000000000e+00 1.713844455568277914e+00 -9.944355347449590488e-01 -1.053468900182028406e-01 0.000000000000000000e+00 -1.522683530468616020e+01 0.000000000000000000e+00 0.000000000000000000e+00 1.000000000000000000e+00 0.000000000000000000e+00
-1.053468900182028406e-01 9.944355347449590488e-01 0.000000000000000000e+00 1.699656375034833689e+00 -9.944355347449590488e-01 -1.053468900182028406e-01 0.000000000000000000e+00 -1.539347473090569629e+01 0.000000000000000000e+00 0.000000000000000000e+00 1.000000000000000000e+00 0.000000000000000000e+00
-1.053468900182028406e-01 9.944355347449590488e-01 0.000000000000000000e+00 1.685468294501389686e+00 -9.944355347449590488e-01 -1.053468900182028406e-01 0.000000000000000000e+00 -1.556011415712523238e+01 0.000000000000000000e+00 0.000000000000000000e+00 1.000000000000000000e+00 0.000000000000000000e+00
-1.053468900182028406e-01 9.944355347449590488e-01 0.000000000000000000e+00 1.670280697453699448e+00 -9.944355347449590488e-01 -1.053468900182028406e-01 0.000000000000000000e+00 -1.572672249093815111e+01 0.000000000000000000e+00 0.000000000000000000e+00 1.000000000000000000e+00 0.000000000000000000e+00
-1.175105857279146737e-01 9.930716299652722068e-01 0.000000000000000000e+00 1.656527910612909160e+00 -9.930716299652722068e-01 -1.175105857279146737e-01 0.000000000000000000e+00 -1.587936868595824436e+01 0.000000000000000000e+00 0.000000000000000000e+00 1.000000000000000000e+00 0.000000000000000000e+00
-1.175105857279146737e-01 9.930716299652722068e-01 0.000000000000000000e+00 1.640620628710536044e+00 -9.930716299652722068e-01 -1.175105857279146737e-01 0.000000000000000000e+00 -1.603695027873632739e+01 0.000000000000000000e+00 0.000000000000000000e+00 1.000000000000000000e+00 0.000000000000000000e+00
-1.326902351213653797e-01 9.911575563468386640e-01 0.000000000000000000e+00 1.623931477140243773e+00 -9.911575563468386640e-01 -1.326902351213653797e-01 0.000000000000000000e+00 -1.618750416350806987e+01 0.000000000000000000e+00 0.000000000000000000e+00 1.000000000000000000e+00 0.000000000000000000e+00
-1.448117611457206966e-01 9.894592229262784144e-01 0.000000000000000000e+00 1.605087830508368452e+00 -9.894592229262784144e-01 -1.448117611457206966e-01 0.000000000000000000e+00 -1.634299344603781279e+01 0.000000000000000000e+00 0.000000000000000000e+00 1.000000000000000000e+00 0.000000000000000000e+00
-1.448117611457206966e-01 9.894592229262784144e-01 0.000000000000000000e+00 1.583903134375201693e+00 -9.894592229262784144e-01 -1.448117611457206966e-01 0.000000000000000000e+00 -1.650941522541102202e+01 0.000000000000000000e+00 0.000000000000000000e+00 1.000000000000000000e+00 0.000000000000000000e+00
-1.448117611457206966e-01 9.894592229262784144e-01 0.000000000000000000e+00 1.562718438242034713e+00 -9.894592229262784144e-01 -1.448117611457206966e-01 0.000000000000000000e+00 -1.667583700478423125e+01 0.000000000000000000e+00 0.000000000000000000e+00 1.000000000000000000e+00 0.000000000000000000e+00
-1.448117611457206966e-01 9.894592229262784144e-01 0.000000000000000000e+00 1.541502649702249705e+00 -9.894592229262784144e-01 -1.448117611457206966e-01 0.000000000000000000e+00 -1.684325830067168894e+01 0.000000000000000000e+00 0.000000000000000000e+00 1.000000000000000000e+00 0.000000000000000000e+00
-1.448117611457206966e-01 9.894592229262784144e-01 0.000000000000000000e+00 1.520349045975700752e+00 -9.894592229262784144e-01 -1.448117611457206966e-01 0.000000000000000000e+00 -1.700868056353064972e+01 0.000000000000000000e+00 0.000000000000000000e+00 1.000000000000000000e+00 0.000000000000000000e+00
-1.448117611457206966e-01 9.894592229262784144e-01 0.000000000000000000e+00 1.499133257435915745e+00 -9.894592229262784144e-01 -1.448117611457206966e-01 0.000000000000000000e+00 -1.717610185941810741e+01 0.000000000000000000e+00 0.000000000000000000e+00 1.000000000000000000e+00 0.000000000000000000e+00
-1.463254636711810719e-01 9.892365029058591830e-01 0.000000000000000000e+00 1.477979653709367014e+00 -9.892365029058591830e-01 -1.463254636711810719e-01 0.000000000000000000e+00 -1.734152412227707174e+01 0.000000000000000000e+00 0.000000000000000000e+00 1.000000000000000000e+00 0.000000000000000000e+00
-1.448117611457206966e-01 9.894592229262784144e-01 0.000000000000000000e+00 1.456794957576200034e+00 -9.894592229262784144e-01 -1.448117611457206966e-01 0.000000000000000000e+00 -1.750794590165028453e+01 0.000000000000000000e+00 0.000000000000000000e+00 1.000000000000000000e+00 0.000000000000000000e+00
-1.448117611457206966e-01 9.894592229262784144e-01 0.000000000000000000e+00 1.435610261443033053e+00 -9.894592229262784144e-01 -1.448117611457206966e-01 0.000000000000000000e+00 -1.767436768102349021e+01 0.000000000000000000e+00 0.000000000000000000e+00 1.000000000000000000e+00 0.000000000000000000e+00
-1.448117611457206966e-01 9.894592229262784144e-01 0.000000000000000000e+00 1.414425565309866073e+00 -9.894592229262784144e-01 -1.448117611457206966e-01 0.000000000000000000e+00 -1.784078946039670299e+01 0.000000000000000000e+00 0.000000000000000000e+00 1.000000000000000000e+00 0.000000000000000000e+00
-1.448117611457206966e-01 9.894592229262784144e-01 0.000000000000000000e+00 1.393240869176699537e+00 -9.894592229262784144e-01 -1.448117611457206966e-01 0.000000000000000000e+00 -1.800721123976990867e+01 0.000000000000000000e+00 0.000000000000000000e+00 1.000000000000000000e+00 0.000000000000000000e+00
-1.448117611457206966e-01 9.894592229262784144e-01 0.000000000000000000e+00 1.372056173043532556e+00 -9.894592229262784144e-01 -1.448117611457206966e-01 0.000000000000000000e+00 -1.817363301914312146e+01 0.000000000000000000e+00 0.000000000000000000e+00 1.000000000000000000e+00 0.000000000000000000e+00
-1.281394401490955348e-01 9.917561615025521915e-01 0.000000000000000000e+00 1.352057547864320419e+00 -9.917561615025521915e-01 -1.281394401490955348e-01 0.000000000000000000e+00 -1.833408879183747686e+01 0.000000000000000000e+00 0.000000000000000000e+00 1.000000000000000000e+00 0.000000000000000000e+00
-1.281394401490955348e-01 9.917561615025521915e-01 0.000000000000000000e+00 1.333871401273891921e+00 -9.917561615025521915e-01 -1.281394401490955348e-01 0.000000000000000000e+00 -1.850060384843053995e+01 0.000000000000000000e+00 0.000000000000000000e+00 1.000000000000000000e+00 0.000000000000000000e+00
-1.281394401490955348e-01 9.917561615025521915e-01 0.000000000000000000e+00 1.315685254683463201e+00 -9.917561615025521915e-01 -1.281394401490955348e-01 0.000000000000000000e+00 -1.866711890502360305e+01 0.000000000000000000e+00 0.000000000000000000e+00 1.000000000000000000e+00 0.000000000000000000e+00
-1.281394401490955348e-01 9.917561615025521915e-01 0.000000000000000000e+00 1.297499108093034703e+00 -9.917561615025521915e-01 -1.281394401490955348e-01 0.000000000000000000e+00 -1.883363396161666614e+01 0.000000000000000000e+00 0.000000000000000000e+00 1.000000000000000000e+00 0.000000000000000000e+00
-1.281394401490955348e-01 9.917561615025521915e-01 0.000000000000000000e+00 1.279406238722460287e+00 -9.917561615025521915e-01 -1.281394401490955348e-01 0.000000000000000000e+00 -1.899715046866699453e+01 0.000000000000000000e+00 0.000000000000000000e+00 1.000000000000000000e+00 0.000000000000000000e+00
-1.296566765034938840e-01 9.915589474348301957e-01 0.000000000000000000e+00 1.261406646571740842e+00 -9.915589474348301957e-01 -1.296566765034938840e-01 0.000000000000000000e+00 -1.915766842617457755e+01 0.000000000000000000e+00 0.000000000000000000e+00 1.000000000000000000e+00 0.000000000000000000e+00
-1.508645018789566694e-01 9.885544507374464107e-01 0.000000000000000000e+00 1.245277158320575062e+00 -9.885544507374464107e-01 -1.508645018789566694e-01 0.000000000000000000e+00 -1.929023101368989757e+01 0.000000000000000000e+00 0.000000000000000000e+00 1.000000000000000000e+00 0.000000000000000000e+00
-1.508645018789566694e-01 9.885544507374464107e-01 0.000000000000000000e+00 1.223092945673162291e+00 -9.885544507374464107e-01 -1.508645018789566694e-01 0.000000000000000000e+00 -1.945662170065648411e+01 0.000000000000000000e+00 0.000000000000000000e+00 1.000000000000000000e+00 0.000000000000000000e+00
-1.569115920904299022e-01 9.876126529503591600e-01 0.000000000000000000e+00 1.201126379872075933e+00 -9.876126529503591600e-01 -1.569115920904299022e-01 0.000000000000000000e+00 -1.961601577202335633e+01 0.000000000000000000e+00 0.000000000000000000e+00 1.000000000000000000e+00 0.000000000000000000e+00
-1.720031107933111258e-01 9.850964063874275700e-01 0.000000000000000000e+00 1.179408553323935127e+00 -9.850964063874275700e-01 -1.720031107933111258e-01 0.000000000000000000e+00 -1.976741371127625868e+01 0.000000000000000000e+00 0.000000000000000000e+00 1.000000000000000000e+00 0.000000000000000000e+00
-1.885571413807657914e-01 9.820622202459037275e-01 0.000000000000000000e+00 1.154723269639673866e+00 -9.820622202459037275e-01 -1.885571413807657914e-01 0.000000000000000000e+00 -1.991771885679505871e+01 0.000000000000000000e+00 0.000000000000000000e+00 1.000000000000000000e+00 0.000000000000000000e+00
-1.885571413807657914e-01 9.820622202459037275e-01 0.000000000000000000e+00 1.125573533799156145e+00 -9.820622202459037275e-01 -1.885571413807657914e-01 0.000000000000000000e+00 -2.008289238040107350e+01 0.000000000000000000e+00 0.000000000000000000e+00 1.000000000000000000e+00 0.000000000000000000e+00
-1.885571413807657914e-01 9.820622202459037275e-01 0.000000000000000000e+00 1.097423314472884659e+00 -9.820622202459037275e-01 -1.885571413807657914e-01 0.000000000000000000e+00 -2.024809699641371452e+01 0.000000000000000000e+00 0.000000000000000000e+00 1.000000000000000000e+00 0.000000000000000000e+00
-1.720031107933111258e-01 9.850964063874275700e-01 0.000000000000000000e+00 1.070490258507186265e+00 -9.850964063874275700e-01 -1.720031107933111258e-01 0.000000000000000000e+00 -2.040633608923324260e+01 0.000000000000000000e+00 0.000000000000000000e+00 1.000000000000000000e+00 0.000000000000000000e+00
-1.674797222785965323e-01 9.858755208572146378e-01 0.000000000000000000e+00 1.061659190916993234e+00 -9.858755208572146378e-01 -1.674797222785965323e-01 0.000000000000000000e+00 -2.046508991672743960e+01 0.000000000000000000e+00 0.000000000000000000e+00 1.000000000000000000e+00 0.000000000000000000e+00
-1.674797222785965323e-01 9.858755208572146378e-01 0.000000000000000000e+00 1.036538613540078257e+00 -9.858755208572146378e-01 -1.674797222785965323e-01 0.000000000000000000e+00 -2.062938829344568248e+01 0.000000000000000000e+00 0.000000000000000000e+00 1.000000000000000000e+00 0.000000000000000000e+00
