-9.972674873352087577e-01 -7.387529156706805489e-02 0.000000000000000000e+00 5.539298999999999751e+00 7.387529156706805489e-02 -9.972674873352087577e-01 0.000000000000000000e+00 -1.489009800000000006e+01 0.000000000000000000e+00 0.000000000000000000e+00 1.000000000000000000e+00 0.000000000000000000e+00
-9.972674873352087577e-01 -7.387529156706805489e-02 0.000000000000000000e+00 5.539298999999999751e+00 7.387529156706805489e-02 -9.972674873352087577e-01 0.000000000000000000e+00 -1.489009800000000006e+01 0.000000000000000000e+00 0.000000000000000000e+00 1.000000000000000000e+00 0.000000000000000000e+00
-9.972674873352087577e-01 -7.387529156706805489e-02 0.000000000000000000e+00 5.539298999999999751e+00 7.387529156706805489e-02 -9.972674873352087577e-01 0.000000000000000000e+00 -1.489009800000000006e+01 0.000000000000000000e+00 0.000000000000000000e+00 1.000000000000000000e+00 0.000000000000000000e+00
-9.972674873352087577e-01 -7.387529156706805489e-02 0.000000000000000000e+00 5.543299000000000198e+00 7.387529156706805489e-02 -9.972674873352087577e-01 0.000000000000000000e+00 -1.482809800000000067e+01 0.000000000000000000e+00 0.000000000000000000e+00 1.000000000000000000e+00 0.000000000000000000e+00
-9.971532909317065707e-01 -7.540102376007427887e-02 0.000000000000000000e+00 5.553298999999999985e+00 7.540102376007427887e-02 -9.971532909317065707e-01 0.000000000000000000e+00 -1.466809800000000052e+01 0.000000000000000000e+00 0.000000000000000000e+00 1.000000000000000000e+00 0.000000000000000000e+00
-9.972674873352087577e-01 -7.387529156706805489e-02 0.000000000000000000e+00 5.563298999999999772e+00 7.387529156706805489e-02 -9.972674873352087577e-01 0.000000000000000000e+00 -1.450609799999999971e+01 0.000000000000000000e+00 0.000000000000000000e+00 1.000000000000000000e+00 0.000000000000000000e+00
-9.972674873352087577e-01 -7.387529156706805489e-02 0.000000000000000000e+00 5.573298999999999559e+00 7.387529156706805489e-02 -9.972674873352087577e-01 0.000000000000000000e+00 -1.435209799999999980e+01 0.000000000000000000e+00 0.000000000000000000e+00 1.000000000000000000e+00 0.000000000000000000e+00
-9.972674873352087577e-01 -7.387529156706805489e-02 0.000000000000000000e+00 5.583299000000000234e+00 7.387529156706805489e-02 -9.972674873352087577e-01 0.000000000000000000e+00 -1.419509799999999977e+01 0.000000000000000000e+00 0.000000000000000000e+00 1.000000000000000000e+00 0.000000000000000000e+00
-9.971532909317065707e-01 -7.540102376007427887e-02 0.000000000000000000e+00 5.593299000000000021e+00 7.540102376007427887e-02 -9.971532909317065707e-01 0.000000000000000000e+00 -1.403509799999999963e+01 0.000000000000000000e+00 0.000000000000000000e+00 1.000000000000000000e+00 0.000000000000000000e+00
-9.972674873352087577e-01 -7.387529156706805489e-02 0.000000000000000000e+00 5.603298999999999808e+00 7.387529156706805489e-02 -9.972674873352087577e-01 0.000000000000000000e+00 -1.388509799999999927e+01 0.000000000000000000e+00 0.000000000000000000e+00 1.000000000000000000e+00 0.000000000000000000e+00
-9.975960684857164695e-01 -6.929707166859011558e-02 0.000000000000000000e+00 5.612299000000000149e+00 6.929707166859011558e-02 -9.975960684857164695e-01 0.000000000000000000e+00 -1.373809799999999903e+01 0.000000000000000000e+00 0.000000000000000000e+00 1.000000000000000000e+00 0.000000000000000000e+00
-9.992492098863210437e-01 -3.874295473454571204e-02 0.000000000000000000e+00 5.618299000000000376e+00 3.874295473454571204e-02 -9.992492098863210437e-01 0.000000000000000000e+00 -1.360609799999999936e+01 0.000000000000000000e+00 0.000000000000000000e+00 1.000000000000000000e+00 0.000000000000000000e+00
-9.993073170129285199e-01 -3.721405869321857407e-02 0.000000000000000000e+00 5.622298999999999936e+00 3.721405869321857407e-02 -9.993073170129285199e-01 0.000000000000000000e+00 -1.345009800000000055e+01 0.000000000000000000e+00 0.000000000000000000e+00 1.000000000000000000e+00 0.000000000000000000e+00
-9.992492098863210437e-01 -3.874295473454571204e-02 0.000000000000000000e+00 5.627298999999999829e+00 3.874295473454571204e-02 -9.992492098863210437e-01 0.000000000000000000e+00 -1.329309800000000052e+01 0.000000000000000000e+00 0.000000000000000000e+00 1.000000000000000000e+00 0.000000000000000000e+00
-9.992492098863210437e-01 -3.874295473454571204e-02 0.000000000000000000e+00 5.631299000000000277e+00 3.874295473454571204e-02 -9.992492098863210437e-01 0.000000000000000000e+00 -1.313809799999999939e+01 0.000000000000000000e+00 0.000000000000000000e+00 1.000000000000000000e+00 0.000000000000000000e+00
-9.992492098863210437e-01 -3.874295473454571204e-02 0.000000000000000000e+00 5.636299000000000170e+00 3.874295473454571204e-02 -9.992492098863210437e-01 0.000000000000000000e+00 -1.298309800000000003e+01 0.000000000000000000e+00 0.000000000000000000e+00 1.000000000000000000e+00 0.000000000000000000e+00
-9.992492098863210437e-01 -3.874295473454571204e-02 0.000000000000000000e+00 5.640298999999999729e+00 3.874295473454571204e-02 -9.992492098863210437e-01 0.000000000000000000e+00 -1.282809800000000067e+01 0.000000000000000000e+00 0.000000000000000000e+00 1.000000000000000000e+00 0.000000000000000000e+00
-9.992492098863210437e-01 -3.874295473454571204e-02 0.000000000000000000e+00 5.644299000000000177e+00 3.874295473454571204e-02 -9.992492098863210437e-01 0.000000000000000000e+00 -1.267309799999999953e+01 0.000000000000000000e+00 0.000000000000000000e+00 1.000000000000000000e+00 0.000000000000000000e+00
-9.992492098863210437e-01 -3.874295473454571204e-02 0.000000000000000000e+00 5.649299000000000071e+00 3.874295473454571204e-02 -9.992492098863210437e-01 0.000000000000000000e+00 -1.251609799999999950e+01 0.000000000000000000e+00 0.000000000000000000e+00 1.000000000000000000e+00 0.000000000000000000e+00
-9.992492098863210437e-01 -3.874295473454571204e-02 0.000000000000000000e+00 5.653298999999999630e+00 3.874295473454571204e-02 -9.992492098863210437e-01 0.000000000000000000e+00 -1.236109800000000014e+01 0.000000000000000000e+00 0.000000000000000000e+00 1.000000000000000000e+00 0.000000000000000000e+00
-9.992492098863210437e-01 -3.874295473454571204e-02 0.000000000000000000e+00 5.658298999999999523e+00 3.874295473454571204e-02 -9.992492098863210437e-01 0.000000000000000000e+00 -1.220609800000000078e+01 0.000000000000000000e+00 0.000000000000000000e+00 1.000000000000000000e+00 0.000000000000000000e+00
-9.992492098863210437e-01 -3.874295473454571204e-02 0.000000000000000000e+00 5.662298999999999971e+00 3.874295473454571204e-02 -9.992492098863210437e-01 0.000000000000000000e+00 -1.205109799999999964e+01 0.000000000000000000e+00 0.000000000000000000e+00 1.000000000000000000e+00 0.000000000000000000e+00
-9.992492098863210437e-01 -3.874295473454571204e-02 0.000000000000000000e+00 5.667298999999999864e+00 3.874295473454571204e-02 -9.992492098863210437e-01 0.000000000000000000e+00 -1.189409799999999962e+01 0.000000000000000000e+00 0.000000000000000000e+00 1.000000000000000000e+00 0.000000000000000000e+00
-9.992289284522769544e-01 3.926255906222202163e-02 0.000000000000000000e+00 5.668299000000000198e+00 -3.926255906222202163e-02 -9.992289284522769544e-01 0.000000000000000000e+00 -1.185609799999999936e+01 0.000000000000000000e+00 0.000000000000000000e+00 1.000000000000000000e+00 0.000000000000000000e+00
-9.903934332357680059e-01 1.382781522998783597e-01 0.000000000000000000e+00 5.669298999999999644e+00 -1.382781522998783597e-01 -9.903934332357680059e-01 0.000000000000000000e+00 -1.186009800000000070e+01 0.000000000000000000e+00 0.000000000000000000e+00 1.000000000000000000e+00 0.000000000000000000e+00
-9.706775789260339016e-01 2.403851862538396722e-01 0.000000000000000000e+00 5.669298999999999644e+00 -2.403851862538396722e-01 -9.706775789260339016e-01 0.000000000000000000e+00 -1.186009800000000070e+01 0.000000000000000000e+00 0.000000000000000000e+00 1.000000000000000000e+00 0.000000000000000000e+00
-9.404642724422559441e-01 3.398925598768796630e-01 0.000000000000000000e+00 5.669298999999999644e+00 -3.398925598768796630e-01 -9.404642724422559441e-01 0.000000000000000000e+00 -1.186009800000000070e+01 0.000000000000000000e+00 0.000000000000000000e+00 1.000000000000000000e+00 0.000000000000000000e+00
-9.000802574392983146e-01 4.357241445777436106e-01 0.000000000000000000e+00 5.669298999999999644e+00 -4.357241445777436106e-01 -9.000802574392983146e-01 0.000000000000000000e+00 -1.186009800000000070e+01 0.000000000000000000e+00 0.000000000000000000e+00 1.000000000000000000e+00 0.000000000000000000e+00
-8.499622693227100179e-01 5.268435638097793694e-01 0.000000000000000000e+00 5.669298999999999644e+00 -5.268435638097793694e-01 -8.499622693227100179e-01 0.000000000000000000e+00 -1.186009800000000070e+01 0.000000000000000000e+00 0.000000000000000000e+00 1.000000000000000000e+00 0.000000000000000000e+00
-7.897146210299985647e-01 6.134743819683472488e-01 0.000000000000000000e+00 5.669298999999999644e+00 -6.134743819683472488e-01 -7.897146210299985647e-01 0.000000000000000000e+00 -1.186009800000000070e+01 0.000000000000000000e+00 0.000000000000000000e+00 1.000000000000000000e+00 0.000000000000000000e+00
-7.217336207396450876e-01 6.921709187000290031e-01 0.000000000000000000e+00 5.669298999999999644e+00 -6.921709187000290031e-01 -7.217336207396450876e-01 0.000000000000000000e+00 -1.186009800000000070e+01 0.000000000000000000e+00 0.000000000000000000e+00 1.000000000000000000e+00 0.000000000000000000e+00
-6.459473879698347520e-01 7.633819306054786535e-01 0.000000000000000000e+00 5.669298999999999644e+00 -7.633819306054786535e-01 -6.459473879698347520e-01 0.000000000000000000e+00 -1.186009800000000070e+01 0.000000000000000000e+00 0.000000000000000000e+00 1.000000000000000000e+00 0.000000000000000000e+00
-5.631755175801008706e-01 8.263373018316343410e-01 0.000000000000000000e+00 5.669298999999999644e+00 -8.263373018316343410e-01 -5.631755175801008706e-01 0.000000000000000000e+00 -1.186009800000000070e+01 0.000000000000000000e+00 0.000000000000000000e+00 1.000000000000000000e+00 0.000000000000000000e+00
-4.743131510361950354e-01 8.803561976575819958e-01 0.000000000000000000e+00 5.669298999999999644e+00 -8.803561976575819958e-01 -4.743131510361950354e-01 0.000000000000000000e+00 -1.186009800000000070e+01 0.000000000000000000e+00 0.000000000000000000e+00 1.000000000000000000e+00 0.000000000000000000e+00
-3.803212958478403016e-01 9.248544274233754248e-01 0.000000000000000000e+00 5.669298999999999644e+00 -9.248544274233754248e-01 -3.803212958478403016e-01 0.000000000000000000e+00 -1.186009800000000070e+01 0.000000000000000000e+00 0.000000000000000000e+00 1.000000000000000000e+00 0.000000000000000000e+00
-2.807482962803042326e-01 9.597814303974142591e-01 0.000000000000000000e+00 5.669298999999999644e+00 -9.597814303974142591e-01 -2.807482962803042326e-01 0.000000000000000000e+00 -1.186009800000000070e+01 0.000000000000000000e+00 0.000000000000000000e+00 1.000000000000000000e+00 0.000000000000000000e+00
-1.795545989233068851e-01 9.837480094035719880e-01 0.000000000000000000e+00 5.669298999999999644e+00 -9.837480094035719880e-01 -1.795545989233068851e-01 0.000000000000000000e+00 -1.186009800000000070e+01 0.000000000000000000e+00 0.000000000000000000e+00 1.000000000000000000e+00 0.000000000000000000e+00
-9.166481738941822943e-02 9.957899182322367260e-01 0.000000000000000000e+00 5.615299000000000262e+00 -9.957899182322367260e-01 -9.166481738941822943e-02 0.000000000000000000e+00 -1.185409800000000047e+01 0.000000000000000000e+00 0.000000000000000000e+00 1.000000000000000000e+00 0.000000000000000000e+00
-5.046223214532907092e-02 9.987259699872187424e-01 0.000000000000000000e+00 5.499298999999999715e+00 -9.987259699872187424e-01 -5.046223214532907092e-02 0.000000000000000000e+00 -1.184909799999999969e+01 0.000000000000000000e+00 0.000000000000000000e+00 1.000000000000000000e+00 0.000000000000000000e+00
-5.199022321973252592e-02 9.986475938435752653e-01 0.000000000000000000e+00 5.332298999999999900e+00 -9.986475938435752653e-01 -5.199022321973252592e-02 0.000000000000000000e+00 -1.184309799999999946e+01 0.000000000000000000e+00 0.000000000000000000e+00 1.000000000000000000e+00 0.000000000000000000e+00
-5.199022321973252592e-02 9.986475938435752653e-01 0.000000000000000000e+00 5.166298999999999531e+00 -9.986475938435752653e-01 -5.199022321973252592e-02 0.000000000000000000e+00 -1.183709799999999923e+01 0.000000000000000000e+00 0.000000000000000000e+00 1.000000000000000000e+00 0.000000000000000000e+00
-7.489348254964146856e-02 9.971915394103514352e-01 0.000000000000000000e+00 5.031298999999999744e+00 -9.971915394103514352e-01 -7.489348254964146856e-02 0.000000000000000000e+00 -1.183009799999999956e+01 0.000000000000000000e+00 0.000000000000000000e+00 1.000000000000000000e+00 0.000000000000000000e+00
-7.489348254964146856e-02 9.971915394103514352e-01 0.000000000000000000e+00 4.882298999999999722e+00 -9.971915394103514352e-01 -7.489348254964146856e-02 0.000000000000000000e+00 -1.182109799999999922e+01 0.000000000000000000e+00 0.000000000000000000e+00 1.000000000000000000e+00 0.000000000000000000e+00
-7.641909735062681064e-02 9.970757852641469743e-01 0.000000000000000000e+00 4.733298999999999701e+00 -9.970757852641469743e-01 -7.641909735062681064e-02 0.000000000000000000e+00 -1.181209800000000065e+01 0.000000000000000000e+00 0.000000000000000000e+00 1.000000000000000000e+00 0.000000000000000000e+00
-7.641909735062681064e-02 9.970757852641469743e-01 0.000000000000000000e+00 4.584298999999999680e+00 -9.970757852641469743e-01 -7.641909735062681064e-02 0.000000000000000000e+00 -1.180309800000000031e+01 0.000000000000000000e+00 0.000000000000000000e+00 1.000000000000000000e+00 0.000000000000000000e+00
-7.641909735062681064e-02 9.970757852641469743e-01 0.000000000000000000e+00 4.427298999999999651e+00 -9.970757852641469743e-01 -7.641909735062681064e-02 0.000000000000000000e+00 -1.179309800000000052e+01 0.000000000000000000e+00 0.000000000000000000e+00 1.000000000000000000e+00 0.000000000000000000e+00
-7.489348254964146856e-02 9.971915394103514352e-01 0.000000000000000000e+00 4.267298999999999509e+00 -9.971915394103514352e-01 -7.489348254964146856e-02 0.000000000000000000e+00 -1.178409800000000018e+01 0.000000000000000000e+00 0.000000000000000000e+00 1.000000000000000000e+00 0.000000000000000000e+00
-7.489348254964146856e-02 9.971915394103514352e-01 0.000000000000000000e+00 4.107299000000000255e+00 -9.971915394103514352e-01 -7.489348254964146856e-02 0.000000000000000000e+00 -1.177409800000000040e+01 0.000000000000000000e+00 0.000000000000000000e+00 1.000000000000000000e+00 0.000000000000000000e+00
-7.489348254964146856e-02 9.971915394103514352e-01 0.000000000000000000e+00 3.942298999999999776e+00 -9.971915394103514352e-01 -7.489348254964146856e-02 0.000000000000000000e+00 -1.176409800000000061e+01 0.000000000000000000e+00 0.000000000000000000e+00 1.000000000000000000e+00 0.000000000000000000e+00
-6.268255276367207252e-02 9.980335152583952318e-01 0.000000000000000000e+00 3.782299000000000078e+00 -9.980335152583952318e-01 -6.268255276367207252e-02 0.000000000000000000e+00 -1.175409799999999905e+01 0.000000000000000000e+00 0.000000000000000000e+00 1.000000000000000000e+00 0.000000000000000000e+00
-6.420947007948207830e-02 9.979364428419837951e-01 0.000000000000000000e+00 3.615298999999999818e+00 -9.979364428419837951e-01 -6.420947007948207830e-02 0.000000000000000000e+00 -1.174609799999999993e+01 0.000000000000000000e+00 0.000000000000000000e+00 1.000000000000000000e+00 0.000000000000000000e+00
-6.420947007948207830e-02 9.979364428419837951e-01 0.000000000000000000e+00 3.448299000000000003e+00 -9.979364428419837951e-01 -6.420947007948207830e-02 0.000000000000000000e+00 -1.173809799999999903e+01 0.000000000000000000e+00 0.000000000000000000e+00 1.000000000000000000e+00 0.000000000000000000e+00
-6.420947007948207830e-02 9.979364428419837951e-01 0.000000000000000000e+00 3.282299000000000078e+00 -9.979364428419837951e-01 -6.420947007948207830e-02 0.000000000000000000e+00 -1.173009799999999991e+01 0.000000000000000000e+00 0.000000000000000000e+00 1.000000000000000000e+00 0.000000000000000000e+00
-6.420947007948207830e-02 9.979364428419837951e-01 0.000000000000000000e+00 3.114298999999999928e+00 -9.979364428419837951e-01 -6.420947007948207830e-02 0.000000000000000000e+00 -1.172109799999999957e+01 0.000000000000000000e+00 0.000000000000000000e+00 1.000000000000000000e+00 0.000000000000000000e+00
-6.420947007948207830e-02 9.979364428419837951e-01 0.000000000000000000e+00 2.864298999999999928e+00 -9.979364428419837951e-01 -6.420947007948207830e-02 0.000000000000000000e+00 -1.170909799999999912e+01 0.000000000000000000e+00 0.000000000000000000e+00 1.000000000000000000e+00 0.000000000000000000e+00
-6.420947007948207830e-02 9.979364428419837951e-01 0.000000000000000000e+00 2.697299000000000113e+00 -9.979364428419837951e-01 -6.420947007948207830e-02 0.000000000000000000e+00 -1.170109800000000000e+01 0.000000000000000000e+00 0.000000000000000000e+00 1.000000000000000000e+00 0.000000000000000000e+00
-6.420947007948207830e-02 9.979364428419837951e-01 0.000000000000000000e+00 2.530298999999999854e+00 -9.979364428419837951e-01 -6.420947007948207830e-02 0.000000000000000000e+00 -1.169309799999999910e+01 0.000000000000000000e+00 0.000000000000000000e+00 1.000000000000000000e+00 0.000000000000000000e+00
-2.905958171116479472e-02 9.995776811787926430e-01 0.000000000000000000e+00 2.381298999999999833e+00 -9.995776811787926430e-01 -2.905958171116479472e-02 0.000000000000000000e+00 -1.168709800000000065e+01 0.000000000000000000e+00 0.000000000000000000e+00 1.000000000000000000e+00 0.000000000000000000e+00
1.836529425141989261e-02 9.998313437610659715e-01 0.000000000000000000e+00 2.249299000000000159e+00 -9.998313437610659715e-01 1.836529425141989261e-02 0.000000000000000000e+00 -1.168809800000000010e+01 0.000000000000000000e+00 0.000000000000000000e+00 1.000000000000000000e+00 0.000000000000000000e+00
6.422209755272896559e-02 9.979356302817972146e-01 0.000000000000000000e+00 2.116299000000000152e+00 -9.979356302817972146e-01 6.422209755272896559e-02 0.000000000000000000e+00 -1.169409800000000033e+01 0.000000000000000000e+00 0.000000000000000000e+00 1.000000000000000000e+00 0.000000000000000000e+00
1.584556318949629783e-01 9.873660986284509278e-01 0.000000000000000000e+00 2.085299000000000014e+00 -9.873660986284509278e-01 1.584556318949629783e-01 0.000000000000000000e+00 -1.169609799999999922e+01 0.000000000000000000e+00 0.000000000000000000e+00 1.000000000000000000e+00 0.000000000000000000e+00
2.630925897065735097e-01 9.647705889181575900e-01 0.000000000000000000e+00 2.077299000000000007e+00 -9.647705889181575900e-01 2.630925897065735097e-01 0.000000000000000000e+00 -1.169809799999999989e+01 0.000000000000000000e+00 0.000000000000000000e+00 1.000000000000000000e+00 0.000000000000000000e+00
3.632896122284387519e-01 9.316762622536385319e-01 0.000000000000000000e+00 2.039298999999999751e+00 -9.316762622536385319e-01 3.632896122284387519e-01 0.000000000000000000e+00 -1.171109799999999979e+01 0.000000000000000000e+00 0.000000000000000000e+00 1.000000000000000000e+00 0.000000000000000000e+00
4.580820264828891486e-01 8.889099262654960310e-01 0.000000000000000000e+00 2.003299000000000163e+00 -8.889099262654960310e-01 4.580820264828891486e-01 0.000000000000000000e+00 -1.172809799999999925e+01 0.000000000000000000e+00 0.000000000000000000e+00 1.000000000000000000e+00 0.000000000000000000e+00
5.440792468059674203e-01 8.390338331647009262e-01 0.000000000000000000e+00 1.981298999999999921e+00 -8.390338331647009262e-01 5.440792468059674203e-01 0.000000000000000000e+00 -1.174009799999999970e+01 0.000000000000000000e+00 0.000000000000000000e+00 1.000000000000000000e+00 0.000000000000000000e+00
6.282729414409915503e-01 7.779930019306628974e-01 0.000000000000000000e+00 1.981298999999999921e+00 -7.779930019306628974e-01 6.282729414409915503e-01 0.000000000000000000e+00 -1.174009799999999970e+01 0.000000000000000000e+00 0.000000000000000000e+00 1.000000000000000000e+00 0.000000000000000000e+00
7.067553773967411024e-01 7.074580104294460048e-01 0.000000000000000000e+00 1.981298999999999921e+00 -7.074580104294460048e-01 7.067553773967411024e-01 0.000000000000000000e+00 -1.174109799999999915e+01 0.000000000000000000e+00 0.000000000000000000e+00 1.000000000000000000e+00 0.000000000000000000e+00
7.773683199561606250e-01 6.290457019394825045e-01 0.000000000000000000e+00 1.980299000000000031e+00 -6.290457019394825045e-01 7.773683199561606250e-01 0.000000000000000000e+00 -1.174209800000000037e+01 0.000000000000000000e+00 0.000000000000000000e+00 1.000000000000000000e+00 0.000000000000000000e+00
8.351422345584839091e-01 5.500340426343284239e-01 0.000000000000000000e+00 1.956299000000000010e+00 -5.500340426343284239e-01 8.351422345584839091e-01 0.000000000000000000e+00 -1.177609799999999929e+01 0.000000000000000000e+00 0.000000000000000000e+00 1.000000000000000000e+00 0.000000000000000000e+00
8.842012919978530228e-01 4.671060642181040223e-01 0.000000000000000000e+00 1.946299000000000001e+00 -4.671060642181040223e-01 8.842012919978530228e-01 0.000000000000000000e+00 -1.179309800000000052e+01 0.000000000000000000e+00 0.000000000000000000e+00 1.000000000000000000e+00 0.000000000000000000e+00
9.279302569400066369e-01 3.727538574652893844e-01 0.000000000000000000e+00 1.946299000000000001e+00 -3.727538574652893844e-01 9.279302569400066369e-01 0.000000000000000000e+00 -1.179309800000000052e+01 0.000000000000000000e+00 0.000000000000000000e+00 1.000000000000000000e+00 0.000000000000000000e+00
9.616240632418902035e-01 2.743704812733271381e-01 0.000000000000000000e+00 1.946299000000000001e+00 -2.743704812733271381e-01 9.616240632418902035e-01 0.000000000000000000e+00 -1.179309800000000052e+01 0.000000000000000000e+00 0.000000000000000000e+00 1.000000000000000000e+00 0.000000000000000000e+00
9.849183271700224784e-01 1.730199086943599862e-01 0.000000000000000000e+00 1.946299000000000001e+00 -1.730199086943599862e-01 9.849183271700224784e-01 0.000000000000000000e+00 -1.179309800000000052e+01 0.000000000000000000e+00 0.000000000000000000e+00 1.000000000000000000e+00 0.000000000000000000e+00
9.967563712575138180e-01 8.047817317480070176e-02 0.000000000000000000e+00 1.943298999999999888e+00 -8.047817317480070176e-02 9.967563712575138180e-01 0.000000000000000000e+00 -1.182809800000000067e+01 0.000000000000000000e+00 0.000000000000000000e+00 1.000000000000000000e+00 0.000000000000000000e+00
9.997130855219911183e-01 2.395300891537647039e-02 0.000000000000000000e+00 1.942298999999999998e+00 -2.395300891537647039e-02 9.997130855219911183e-01 0.000000000000000000e+00 -1.192009799999999942e+01 0.000000000000000000e+00 0.000000000000000000e+00 1.000000000000000000e+00 0.000000000000000000e+00
9.997130855219911183e-01 2.395300891537647039e-02 0.000000000000000000e+00 1.941298999999999886e+00 -2.395300891537647039e-02 9.997130855219911183e-01 0.000000000000000000e+00 -1.208809800000000045e+01 0.000000000000000000e+00 0.000000000000000000e+00 1.000000000000000000e+00 0.000000000000000000e+00
9.997130855219911183e-01 2.395300891537647039e-02 0.000000000000000000e+00 1.940298999999999996e+00 -2.395300891537647039e-02 9.997130855219911183e-01 0.000000000000000000e+00 -1.225609799999999971e+01 0.000000000000000000e+00 0.000000000000000000e+00 1.000000000000000000e+00 0.000000000000000000e+00
9.995005940792039967e-01 3.160003853349498126e-02 0.000000000000000000e+00 1.939298999999999884e+00 -3.160003853349498126e-02 9.995005940792039967e-01 0.000000000000000000e+00 -1.241409799999999919e+01 0.000000000000000000e+00 0.000000000000000000e+00 1.000000000000000000e+00 0.000000000000000000e+00
9.989001480874791783e-01 4.688810244414040596e-02 0.000000000000000000e+00 1.936298999999999992e+00 -4.688810244414040596e-02 9.989001480874791783e-01 0.000000000000000000e+00 -1.256409799999999954e+01 0.000000000000000000e+00 0.000000000000000000e+00 1.000000000000000000e+00 0.000000000000000000e+00
9.978709761942126111e-01 6.521897629685055597e-02 0.000000000000000000e+00 1.931298999999999877e+00 -6.521897629685055597e-02 9.978709761942126111e-01 0.000000000000000000e+00 -1.270809799999999967e+01 0.000000000000000000e+00 0.000000000000000000e+00 1.000000000000000000e+00 0.000000000000000000e+00
9.978709761942126111e-01 6.521897629685055597e-02 0.000000000000000000e+00 1.923298999999999870e+00 -6.521897629685055597e-02 9.978709761942126111e-01 0.000000000000000000e+00 -1.287509799999999949e+01 0.000000000000000000e+00 0.000000000000000000e+00 1.000000000000000000e+00 0.000000000000000000e+00
9.973428570822160388e-01 7.285070642816306175e-02 0.000000000000000000e+00 1.915298999999999863e+00 -7.285070642816306175e-02 9.973428570822160388e-01 0.000000000000000000e+00 -1.303409800000000018e+01 0.000000000000000000e+00 0.000000000000000000e+00 1.000000000000000000e+00 0.000000000000000000e+00
9.966320730473290368e-01 8.200311563217206612e-02 0.000000000000000000e+00 1.907298999999999856e+00 -8.200311563217206612e-02 9.966320730473290368e-01 0.000000000000000000e+00 -1.318309799999999932e+01 0.000000000000000000e+00 0.000000000000000000e+00 1.000000000000000000e+00 0.000000000000000000e+00
9.965054418215795184e-01 8.352786612848751846e-02 0.000000000000000000e+00 1.897298999999999847e+00 -8.352786612848751846e-02 9.965054418215795184e-01 0.000000000000000000e+00 -1.334309799999999946e+01 0.000000000000000000e+00 0.000000000000000000e+00 1.000000000000000000e+00 0.000000000000000000e+00
9.946471047972759161e-01 1.033302323543149881e-01 0.000000000000000000e+00 1.887298999999999838e+00 -1.033302323543149881e-01 9.946471047972759161e-01 0.000000000000000000e+00 -1.347609800000000035e+01 0.000000000000000000e+00 0.000000000000000000e+00 1.000000000000000000e+00 0.000000000000000000e+00
9.914245779031574113e-01 1.306801680804943744e-01 0.000000000000000000e+00 1.874298999999999937e+00 -1.306801680804943744e-01 9.914245779031574113e-01 0.000000000000000000e+00 -1.360709800000000058e+01 0.000000000000000000e+00 0.000000000000000000e+00 1.000000000000000000e+00 0.000000000000000000e+00
9.890849278536599787e-01 1.473465489677996121e-01 0.000000000000000000e+00 1.856298999999999921e+00 -1.473465489677996121e-01 9.890849278536599787e-01 0.000000000000000000e+00 -1.375309799999999960e+01 0.000000000000000000e+00 0.000000000000000000e+00 1.000000000000000000e+00 0.000000000000000000e+00
9.888583300474668158e-01 1.488596758552671873e-01 0.000000000000000000e+00 1.851299000000000028e+00 -1.488596758552671873e-01 9.888583300474668158e-01 0.000000000000000000e+00 -1.378509799999999963e+01 0.000000000000000000e+00 0.000000000000000000e+00 1.000000000000000000e+00 0.000000000000000000e+00
9.936566362322617474e-01 1.124566106175472063e-01 0.000000000000000000e+00 1.844298999999999911e+00 -1.124566106175472063e-01 9.936566362322617474e-01 0.000000000000000000e+00 -1.385709800000000058e+01 0.000000000000000000e+00 0.000000000000000000e+00 1.000000000000000000e+00 0.000000000000000000e+00
9.936566362322617474e-01 1.124566106175472063e-01 0.000000000000000000e+00 1.828298999999999896e+00 -1.124566106175472063e-01 9.936566362322617474e-01 0.000000000000000000e+00 -1.402109800000000028e+01 0.000000000000000000e+00 0.000000000000000000e+00 1.000000000000000000e+00 0.000000000000000000e+00
9.936566362322617474e-01 1.124566106175472063e-01 0.000000000000000000e+00 1.813298999999999994e+00 -1.124566106175472063e-01 9.936566362322617474e-01 0.000000000000000000e+00 -1.418909799999999954e+01 0.000000000000000000e+00 0.000000000000000000e+00 1.000000000000000000e+00 0.000000000000000000e+00
9.936566362322617474e-01 1.124566106175472063e-01 0.000000000000000000e+00 1.797298999999999980e+00 -1.124566106175472063e-01 9.936566362322617474e-01 0.000000000000000000e+00 -1.435509799999999991e+01 0.000000000000000000e+00 0.000000000000000000e+00 1.000000000000000000e+00 0.000000000000000000e+00
9.936566362322617474e-01 1.124566106175472063e-01 0.000000000000000000e+00 1.781298999999999966e+00 -1.124566106175472063e-01 9.936566362322617474e-01 0.000000000000000000e+00 -1.452309799999999917e+01 0.000000000000000000e+00 0.000000000000000000e+00 1.000000000000000000e+00 0.000000000000000000e+00
9.939961008257128805e-01 1.094154995568691613e-01 0.000000000000000000e+00 1.765298999999999952e+00 -1.094154995568691613e-01 9.939961008257128805e-01 0.000000000000000000e+00 -1.468909799999999954e+01 0.000000000000000000e+00 0.000000000000000000e+00 1.000000000000000000e+00 0.000000000000000000e+00
9.961115530425553866e-01 8.810093016051770420e-02 0.000000000000000000e+00 1.752299000000000051e+00 -8.810093016051770420e-02 9.961115530425553866e-01 0.000000000000000000e+00 -1.485609799999999936e+01 0.000000000000000000e+00 0.000000000000000000e+00 1.000000000000000000e+00 0.000000000000000000e+00
9.972302282051482836e-01 7.437655513606285240e-02 0.000000000000000000e+00 1.742299000000000042e+00 -7.437655513606285240e-02 9.972302282051482836e-01 0.000000000000000000e+00 -1.502309799999999917e+01 0.000000000000000000e+00 0.000000000000000000e+00 1.000000000000000000e+00 0.000000000000000000e+00
9.972302282051482836e-01 7.437655513606285240e-02 0.000000000000000000e+00 1.732299000000000033e+00 -7.437655513606285240e-02 9.972302282051482836e-01 0.000000000000000000e+00 -1.519009800000000077e+01 0.000000000000000000e+00 0.000000000000000000e+00 1.000000000000000000e+00 0.000000000000000000e+00
9.972302282051482836e-01 7.437655513606285240e-02 0.000000000000000000e+00 1.723298999999999914e+00 -7.437655513606285240e-02 9.972302282051482836e-01 0.000000000000000000e+00 -1.535709800000000058e+01 0.000000000000000000e+00 0.000000000000000000e+00 1.000000000000000000e+00 0.000000000000000000e+00
9.972302282051482836e-01 7.437655513606285240e-02 0.000000000000000000e+00 1.714299000000000017e+00 -7.437655513606285240e-02 9.972302282051482836e-01 0.000000000000000000e+00 -1.552409800000000040e+01 0.000000000000000000e+00 0.000000000000000000e+00 1.000000000000000000e+00 0.000000000000000000e+00
9.972302282051482836e-01 7.437655513606285240e-02 0.000000000000000000e+00 1.704299000000000008e+00 -7.437655513606285240e-02 9.972302282051482836e-01 0.000000000000000000e+00 -1.569109800000000021e+01 0.000000000000000000e+00 0.000000000000000000e+00 1.000000000000000000e+00 0.000000000000000000e+00
9.962451815145710876e-01 8.657677696125730404e-02 0.000000000000000000e+00 1.695298999999999889e+00 -8.657677696125730404e-02 9.962451815145710876e-01 0.000000000000000000e+00 -1.584409800000000068e+01 0.000000000000000000e+00 0.000000000000000000e+00 1.000000000000000000e+00 0.000000000000000000e+00
9.972243791274963964e-01 7.445493720217137568e-02 0.000000000000000000e+00 1.685659000000000018e+00 -7.445493720217137568e-02 9.972243791274963964e-01 0.000000000000000000e+00 -1.600579799999999864e+01 0.000000000000000000e+00 0.000000000000000000e+00 1.000000000000000000e+00 0.000000000000000000e+00
9.998415218799376891e-01 1.780255950165966078e-02 0.000000000000000000e+00 1.688199000000000005e+00 -1.780255950165966078e-02 9.998415218799376891e-01 0.000000000000000000e+00 -1.617959799999999859e+01 0.000000000000000000e+00 0.000000000000000000e+00 1.000000000000000000e+00 0.000000000000000000e+00
9.996793621158357457e-01 -2.532139332019175265e-02 0.000000000000000000e+00 1.698288999999999938e+00 2.532139332019175265e-02 9.996793621158357457e-01 0.000000000000000000e+00 -1.635439800000000332e+01 0.000000000000000000e+00 0.000000000000000000e+00 1.000000000000000000e+00 0.000000000000000000e+00
9.999904932529618540e-01 -4.360436182092868214e-03 0.000000000000000000e+00 1.700628999999999946e+00 4.360436182092868214e-03 9.999904932529618540e-01 0.000000000000000000e+00 -1.651989799999999775e+01 0.000000000000000000e+00 0.000000000000000000e+00 1.000000000000000000e+00 0.000000000000000000e+00
9.998719147192749457e-01 1.600481663784441427e-02 0.000000000000000000e+00 1.699498999999999871e+00 -1.600481663784441427e-02 9.998719147192749457e-01 0.000000000000000000e+00 -1.668549800000000261e+01 0.000000000000000000e+00 0.000000000000000000e+00 1.000000000000000000e+00 0.000000000000000000e+00
9.998249244094356003e-01 1.871150794742150111e-02 0.000000000000000000e+00 1.698218999999999923e+00 -1.871150794742150111e-02 9.998249244094356003e-01 0.000000000000000000e+00 -1.685489799999999860e+01 0.000000000000000000e+00 0.000000000000000000e+00 1.000000000000000000e+00 0.000000000000000000e+00
9.998413883326208174e-01 1.781005831257299193e-02 0.000000000000000000e+00 1.697219000000000033e+00 -1.781005831257299193e-02 9.998413883326208174e-01 0.000000000000000000e+00 -1.702279800000000165e+01 0.000000000000000000e+00 0.000000000000000000e+00 1.000000000000000000e+00 0.000000000000000000e+00
9.998597572009246814e-01 1.674711706855491755e-02 0.000000000000000000e+00 1.696578999999999837e+00 -1.674711706855491755e-02 9.998597572009246814e-01 0.000000000000000000e+00 -1.719269800000000004e+01 0.000000000000000000e+00 0.000000000000000000e+00 1.000000000000000000e+00 0.000000000000000000e+00
9.998545891823426013e-01 1.705287339449962011e-02 0.000000000000000000e+00 1.695938999999999863e+00 -1.705287339449962011e-02 9.998545891823426013e-01 0.000000000000000000e+00 -1.736059800000000308e+01 0.000000000000000000e+00 0.000000000000000000e+00 1.000000000000000000e+00 0.000000000000000000e+00
9.999000686250443248e-01 1.413692907358915854e-02 0.000000000000000000e+00 1.695608999999999922e+00 -1.413692907358915854e-02 9.999000686250443248e-01 0.000000000000000000e+00 -1.752949799999999669e+01 0.000000000000000000e+00 0.000000000000000000e+00 1.000000000000000000e+00 0.000000000000000000e+00
9.999207558093841097e-01 1.258896745528018633e-02 0.000000000000000000e+00 1.695518999999999998e+00 -1.258896745528018633e-02 9.999207558093841097e-01 0.000000000000000000e+00 -1.769839799999999741e+01 0.000000000000000000e+00 0.000000000000000000e+00 1.000000000000000000e+00 0.000000000000000000e+00
9.999408264388742751e-01 1.087858542004123581e-02 0.000000000000000000e+00 1.695698999999999845e+00 -1.087858542004123581e-02 9.999408264388742751e-01 0.000000000000000000e+00 -1.786739800000000145e+01 0.000000000000000000e+00 0.000000000000000000e+00 1.000000000000000000e+00 0.000000000000000000e+00
9.999594476069745275e-01 9.005728263414640097e-03 0.000000000000000000e+00 1.696178999999999881e+00 -9.005728263414640097e-03 9.999594476069745275e-01 0.000000000000000000e+00 -1.803629800000000216e+01 0.000000000000000000e+00 0.000000000000000000e+00 1.000000000000000000e+00 0.000000000000000000e+00
9.999757121574524010e-01 6.969583574068990810e-03 0.000000000000000000e+00 1.696988999999999859e+00 -6.969583574068990810e-03 9.999757121574524010e-01 0.000000000000000000e+00 -1.820519800000000288e+01 0.000000000000000000e+00 0.000000000000000000e+00 1.000000000000000000e+00 0.000000000000000000e+00
9.999273116389717497e-01 -1.205700785679247704e-02 0.000000000000000000e+00 1.698488999999999916e+00 1.205700785679247704e-02 9.999273116389717497e-01 0.000000000000000000e+00 -1.836799800000000005e+01 0.000000000000000000e+00 0.000000000000000000e+00 1.000000000000000000e+00 0.000000000000000000e+00
9.998960725305580111e-01 -1.441680054537107167e-02 0.000000000000000000e+00 1.703018999999999838e+00 1.441680054537107167e-02 9.998960725305580111e-01 0.000000000000000000e+00 -1.853659799999999791e+01 0.000000000000000000e+00 0.000000000000000000e+00 1.000000000000000000e+00 0.000000000000000000e+00
9.998564453946605646e-01 -1.694368917190321178e-02 0.000000000000000000e+00 1.707938999999999874e+00 1.694368917190321178e-02 9.998564453946605646e-01 0.000000000000000000e+00 -1.870509799999999956e+01 0.000000000000000000e+00 0.000000000000000000e+00 1.000000000000000000e+00 0.000000000000000000e+00
9.998071551462633932e-01 -1.963803753779017752e-02 0.000000000000000000e+00 1.713308999999999971e+00 1.963803753779017752e-02 9.998071551462633932e-01 0.000000000000000000e+00 -1.887359800000000121e+01 0.000000000000000000e+00 0.000000000000000000e+00 1.000000000000000000e+00 0.000000000000000000e+00
9.997468564301538185e-01 -2.249940128148598950e-02 0.000000000000000000e+00 1.718778999999999835e+00 2.249940128148598950e-02 9.997468564301538185e-01 0.000000000000000000e+00 -1.903919799999999896e+01 0.000000000000000000e+00 0.000000000000000000e+00 1.000000000000000000e+00 0.000000000000000000e+00
9.997120810133647284e-01 -2.399489687262151144e-02 0.000000000000000000e+00 1.724369000000000041e+00 2.399489687262151144e-02 9.997120810133647284e-01 0.000000000000000000e+00 -1.920169800000000038e+01 0.000000000000000000e+00 0.000000000000000000e+00 1.000000000000000000e+00 0.000000000000000000e+00
9.999834769594938555e-01 -5.748548338625059442e-03 0.000000000000000000e+00 1.727978999999999932e+00 5.748548338625059442e-03 9.999834769594938555e-01 0.000000000000000000e+00 -1.933629799999999932e+01 0.000000000000000000e+00 0.000000000000000000e+00 1.000000000000000000e+00 0.000000000000000000e+00
9.999588419787722726e-01 -9.072725526140825586e-03 0.000000000000000000e+00 1.731388999999999845e+00 9.072725526140825586e-03 9.999588419787722726e-01 0.000000000000000000e+00 -1.950529800000000336e+01 0.000000000000000000e+00 0.000000000000000000e+00 1.000000000000000000e+00 0.000000000000000000e+00
9.999792731236305521e-01 -6.438425516814633848e-03 0.000000000000000000e+00 1.734448999999999907e+00 6.438425516814633848e-03 9.999792731236305521e-01 0.000000000000000000e+00 -1.966729800000000239e+01 0.000000000000000000e+00 0.000000000000000000e+00 1.000000000000000000e+00 0.000000000000000000e+00
9.999863826160606539e-01 5.218676311631306915e-03 0.000000000000000000e+00 1.737009000000000025e+00 -5.218676311631306915e-03 9.999863826160606539e-01 0.000000000000000000e+00 -1.982139800000000207e+01 0.000000000000000000e+00 0.000000000000000000e+00 1.000000000000000000e+00 0.000000000000000000e+00
9.998332762246888716e-01 1.825978515221432855e-02 0.000000000000000000e+00 1.737028999999999934e+00 -1.825978515221432855e-02 9.998332762246888716e-01 0.000000000000000000e+00 -1.997479799999999983e+01 0.000000000000000000e+00 0.000000000000000000e+00 1.000000000000000000e+00 0.000000000000000000e+00
9.998975206642585212e-01 1.431601094818871212e-02 0.000000000000000000e+00 1.735798999999999870e+00 -1.431601094818871212e-02 9.998975206642585212e-01 0.000000000000000000e+00 -2.014369800000000055e+01 0.000000000000000000e+00 0.000000000000000000e+00 1.000000000000000000e+00 0.000000000000000000e+00
9.999478763607986265e-01 1.021002260178989311e-02 0.000000000000000000e+00 1.736229000000000022e+00 -1.021002260178989311e-02 9.999478763607986265e-01 0.000000000000000000e+00 -2.031239800000000173e+01 0.000000000000000000e+00 0.000000000000000000e+00 1.000000000000000000e+00 0.000000000000000000e+00
9.999407306686048935e-01 -1.088738489889256623e-02 0.000000000000000000e+00 1.737288999999999861e+00 1.088738489889256623e-02 9.999407306686048935e-01 0.000000000000000000e+00 -2.047409799999999791e+01 0.000000000000000000e+00 0.000000000000000000e+00 1.000000000000000000e+00 0.000000000000000000e+00
9.998030488066566024e-01 -1.984599699975104700e-02 0.000000000000000000e+00 1.738469000000000042e+00 1.984599699975104700e-02 9.998030488066566024e-01 0.000000000000000000e+00 -2.053459800000000257e+01 0.000000000000000000e+00 0.000000000000000000e+00 1.000000000000000000e+00 0.000000000000000000e+00
9.997039184993629091e-01 -2.433259823815044076e-02 0.000000000000000000e+00 1.743868999999999891e+00 2.433259823815044076e-02 9.997039184993629091e-01 0.000000000000000000e+00 -2.070189799999999991e+01 0.000000000000000000e+00 0.000000000000000000e+00 1.000000000000000000e+00 0.000000000000000000e+00
9.995797816960239057e-01 -2.898723899458586356e-02 0.000000000000000000e+00 1.750188999999999995e+00 2.898723899458586356e-02 9.995797816960239057e-01 0.000000000000000000e+00 -2.086999800000000249e+01 0.000000000000000000e+00 0.000000000000000000e+00 1.000000000000000000e+00 0.000000000000000000e+00
