6.758077872485086790e-02 -9.977138058315835334e-01 0.000000000000000000e+00 5.539298999999999751e+00 9.977138058315835334e-01 6.758077872485086790e-02 0.000000000000000000e+00 -1.489009800000000006e+01 0.000000000000000000e+00 0.000000000000000000e+00 1.000000000000000000e+00 0.000000000000000000e+00
6.769759391946755800e-02 -9.977058864101758795e-01 0.000000000000000000e+00 5.539990500000000040e+00 9.977058864101758795e-01 6.769759391946755800e-02 0.000000000000000000e+00 -1.487927041666666739e+01 0.000000000000000000e+00 0.000000000000000000e+00 1.000000000000000000e+00 0.000000000000000000e+00
6.781440818605133369e-02 -9.976979533117102950e-01 0.000000000000000000e+00 5.540681999999999441e+00 9.976979533117102950e-01 6.781440818605133369e-02 0.000000000000000000e+00 -1.486844283333333294e+01 0.000000000000000000e+00 0.000000000000000000e+00 1.000000000000000000e+00 0.000000000000000000e+00
6.793122152300103134e-02 -9.976900065362952486e-01 0.000000000000000000e+00 5.541373499999999730e+00 9.976900065362952486e-01 6.793122152300103134e-02 0.000000000000000000e+00 -1.485761524999999850e+01 0.000000000000000000e+00 0.000000000000000000e+00 1.000000000000000000e+00 0.000000000000000000e+00
6.804803392871489054e-02 -9.976820460840399862e-01 0.000000000000000000e+00 5.542065000000000019e+00 9.976820460840399862e-01 6.804803392871489054e-02 0.000000000000000000e+00 -1.484678766666666583e+01 0.000000000000000000e+00 0.000000000000000000e+00 1.000000000000000000e+00 0.000000000000000000e+00
6.816484540159180316e-02 -9.976740719550534209e-01 0.000000000000000000e+00 5.542756499999999420e+00 9.976740719550534209e-01 6.816484540159180316e-02 0.000000000000000000e+00 -1.483596008333333316e+01 0.000000000000000000e+00 0.000000000000000000e+00 1.000000000000000000e+00 0.000000000000000000e+00
6.828165594003068883e-02 -9.976660841494449095e-01 0.000000000000000000e+00 5.543447999999999709e+00 9.976660841494449095e-01 6.828165594003068883e-02 0.000000000000000000e+00 -1.482513249999999871e+01 0.000000000000000000e+00 0.000000000000000000e+00 1.000000000000000000e+00 0.000000000000000000e+00
6.839846554242980103e-02 -9.976580826673240310e-01 0.000000000000000000e+00 5.544139499999999998e+00 9.976580826673240310e-01 6.839846554242980103e-02 0.000000000000000000e+00 -1.481430491666666605e+01 0.000000000000000000e+00 0.000000000000000000e+00 1.000000000000000000e+00 0.000000000000000000e+00
6.851527420718805939e-02 -9.976500675088003645e-01 0.000000000000000000e+00 5.544830999999999399e+00 9.976500675088003645e-01 6.851527420718805939e-02 0.000000000000000000e+00 -1.480347733333333338e+01 0.000000000000000000e+00 0.000000000000000000e+00 1.000000000000000000e+00 0.000000000000000000e+00
6.863208193270421698e-02 -9.976420386739838220e-01 0.000000000000000000e+00 5.545522499999999688e+00 9.976420386739838220e-01 6.863208193270421698e-02 0.000000000000000000e+00 -1.479264974999999893e+01 0.000000000000000000e+00 0.000000000000000000e+00 1.000000000000000000e+00 0.000000000000000000e+00
6.874888871737701301e-02 -9.976339961629844266e-01 0.000000000000000000e+00 5.546213999999999977e+00 9.976339961629844266e-01 6.874888871737701301e-02 0.000000000000000000e+00 -1.478182216666666626e+01 0.000000000000000000e+00 0.000000000000000000e+00 1.000000000000000000e+00 0.000000000000000000e+00
6.886569455960539488e-02 -9.976259399759125346e-01 0.000000000000000000e+00 5.546905499999999378e+00 9.976259399759125346e-01 6.886569455960539488e-02 0.000000000000000000e+00 -1.477099458333333359e+01 0.000000000000000000e+00 0.000000000000000000e+00 1.000000000000000000e+00 0.000000000000000000e+00
6.898249945778771319e-02 -9.976178701128786130e-01 0.000000000000000000e+00 5.547596999999999667e+00 9.976178701128786130e-01 6.898249945778771319e-02 0.000000000000000000e+00 -1.476016699999999915e+01 0.000000000000000000e+00 0.000000000000000000e+00 1.000000000000000000e+00 0.000000000000000000e+00
6.850770869220619563e-02 -9.976505870542771159e-01 0.000000000000000000e+00 5.549650083333332873e+00 9.976505870542771159e-01 6.850770869220619563e-02 0.000000000000000000e+00 -1.474934166666666613e+01 0.000000000000000000e+00 0.000000000000000000e+00 1.000000000000000000e+00 0.000000000000000000e+00
6.803290240985661319e-02 -9.976830780311405356e-01 0.000000000000000000e+00 5.551703166666666078e+00 9.976830780311405356e-01 6.803290240985661319e-02 0.000000000000000000e+00 -1.473851633333333311e+01 0.000000000000000000e+00 0.000000000000000000e+00 1.000000000000000000e+00 0.000000000000000000e+00
6.755808071828121875e-02 -9.977153430361097586e-01 0.000000000000000000e+00 5.553756249999999284e+00 9.977153430361097586e-01 6.755808071828121875e-02 0.000000000000000000e+00 -1.472769100000000009e+01 0.000000000000000000e+00 0.000000000000000000e+00 1.000000000000000000e+00 0.000000000000000000e+00
6.708324372502579014e-02 -9.977473820618768530e-01 0.000000000000000000e+00 5.555809333333333377e+00 9.977473820618768530e-01 6.708324372502579014e-02 0.000000000000000000e+00 -1.471686566666666529e+01 0.000000000000000000e+00 0.000000000000000000e+00 1.000000000000000000e+00 0.000000000000000000e+00
6.660839153763907505e-02 -9.977791951011849569e-01 0.000000000000000000e+00 5.557862416666666583e+00 9.977791951011849569e-01 6.660839153763907505e-02 0.000000000000000000e+00 -1.470604033333333227e+01 0.000000000000000000e+00 0.000000000000000000e+00 1.000000000000000000e+00 0.000000000000000000e+00
6.613352426367331838e-02 -9.978107821468287231e-01 0.000000000000000000e+00 5.559915499999999788e+00 9.978107821468287231e-01 6.613352426367331838e-02 0.000000000000000000e+00 -1.469521499999999925e+01 0.000000000000000000e+00 0.000000000000000000e+00 1.000000000000000000e+00 0.000000000000000000e+00
6.565864201068480344e-02 -9.978421431916536521e-01 0.000000000000000000e+00 5.561968583333332994e+00 9.978421431916536521e-01 6.565864201068480344e-02 0.000000000000000000e+00 -1.468438966666666623e+01 0.000000000000000000e+00 0.000000000000000000e+00 1.000000000000000000e+00 0.000000000000000000e+00
6.518374488623256136e-02 -9.978732782285567593e-01 0.000000000000000000e+00 5.564021666666666199e+00 9.978732782285567593e-01 6.518374488623256136e-02 0.000000000000000000e+00 -1.467356433333333321e+01 0.000000000000000000e+00 0.000000000000000000e+00 1.000000000000000000e+00 0.000000000000000000e+00
6.470883299787898169e-02 -9.979041872504857968e-01 0.000000000000000000e+00 5.566074750000000293e+00 9.979041872504857968e-01 6.470883299787898169e-02 0.000000000000000000e+00 -1.466273899999999841e+01 0.000000000000000000e+00 0.000000000000000000e+00 1.000000000000000000e+00 0.000000000000000000e+00
6.423390645319046466e-02 -9.979348702504401425e-01 0.000000000000000000e+00 5.568127833333333498e+00 9.979348702504401425e-01 6.423390645319046466e-02 0.000000000000000000e+00 -1.465191366666666539e+01 0.000000000000000000e+00 0.000000000000000000e+00 1.000000000000000000e+00 0.000000000000000000e+00
6.375896535973608892e-02 -9.979653272214701332e-01 0.000000000000000000e+00 5.570180916666666704e+00 9.979653272214701332e-01 6.375896535973608892e-02 0.000000000000000000e+00 -1.464108833333333237e+01 0.000000000000000000e+00 0.000000000000000000e+00 1.000000000000000000e+00 0.000000000000000000e+00
6.328400982508819439e-02 -9.979955581566773981e-01 0.000000000000000000e+00 5.572233999999999909e+00 9.979955581566773981e-01 6.328400982508819439e-02 0.000000000000000000e+00 -1.463026299999999935e+01 0.000000000000000000e+00 0.000000000000000000e+00 1.000000000000000000e+00 0.000000000000000000e+00
6.283914703272484858e-02 -9.980236678557276031e-01 0.000000000000000000e+00 5.573783166666666844e+00 9.980236678557276031e-01 6.283914703272484858e-02 0.000000000000000000e+00 -1.461839566666666634e+01 0.000000000000000000e+00 0.000000000000000000e+00 1.000000000000000000e+00 0.000000000000000000e+00
6.239427175465890596e-02 -9.980515792544019105e-01 0.000000000000000000e+00 5.575332333333332890e+00 9.980515792544019105e-01 6.239427175465890596e-02 0.000000000000000000e+00 -1.460652833333333334e+01 0.000000000000000000e+00 0.000000000000000000e+00 1.000000000000000000e+00 0.000000000000000000e+00
6.194938407928445717e-02 -9.980792923471547562e-01 0.000000000000000000e+00 5.576881499999999825e+00 9.980792923471547562e-01 6.194938407928445717e-02 0.000000000000000000e+00 -1.459466099999999855e+01 0.000000000000000000e+00 0.000000000000000000e+00 1.000000000000000000e+00 0.000000000000000000e+00
6.150448409499736230e-02 -9.981068071284797671e-01 0.000000000000000000e+00 5.578430666666666760e+00 9.981068071284797671e-01 6.150448409499736230e-02 0.000000000000000000e+00 -1.458279366666666554e+01 0.000000000000000000e+00 0.000000000000000000e+00 1.000000000000000000e+00 0.000000000000000000e+00
6.105957189019595166e-02 -9.981341235929097611e-01 0.000000000000000000e+00 5.579979833333332806e+00 9.981341235929097611e-01 6.105957189019595166e-02 0.000000000000000000e+00 -1.457092633333333254e+01 0.000000000000000000e+00 0.000000000000000000e+00 1.000000000000000000e+00 0.000000000000000000e+00
6.061464755328163645e-02 -9.981612417350171906e-01 0.000000000000000000e+00 5.581528999999999741e+00 9.981612417350171906e-01 6.061464755328163645e-02 0.000000000000000000e+00 -1.455905899999999953e+01 0.000000000000000000e+00 0.000000000000000000e+00 1.000000000000000000e+00 0.000000000000000000e+00
6.016971117265755564e-02 -9.981881615494139215e-01 0.000000000000000000e+00 5.583078166666666675e+00 9.981881615494139215e-01 6.016971117265755564e-02 0.000000000000000000e+00 -1.454719166666666652e+01 0.000000000000000000e+00 0.000000000000000000e+00 1.000000000000000000e+00 0.000000000000000000e+00
5.972476283672926989e-02 -9.982148830307512322e-01 0.000000000000000000e+00 5.584627333333332722e+00 9.982148830307512322e-01 5.972476283672926989e-02 0.000000000000000000e+00 -1.453532433333333351e+01 0.000000000000000000e+00 0.000000000000000000e+00 1.000000000000000000e+00 0.000000000000000000e+00
5.927980263390537213e-02 -9.982414061737197031e-01 0.000000000000000000e+00 5.586176499999999656e+00 9.982414061737197031e-01 5.927980263390537213e-02 0.000000000000000000e+00 -1.452345700000000051e+01 0.000000000000000000e+00 0.000000000000000000e+00 1.000000000000000000e+00 0.000000000000000000e+00
5.883483065259613454e-02 -9.982677309730493276e-01 0.000000000000000000e+00 5.587725666666666591e+00 9.982677309730493276e-01 5.883483065259613454e-02 0.000000000000000000e+00 -1.451158966666666572e+01 0.000000000000000000e+00 0.000000000000000000e+00 1.000000000000000000e+00 0.000000000000000000e+00
5.838984698121418848e-02 -9.982938574235095119e-01 0.000000000000000000e+00 5.589274833333332637e+00 9.982938574235095119e-01 5.838984698121418848e-02 0.000000000000000000e+00 -1.449972233333333271e+01 0.000000000000000000e+00 0.000000000000000000e+00 1.000000000000000000e+00 0.000000000000000000e+00
5.794485170817514214e-02 -9.983197855199092974e-01 0.000000000000000000e+00 5.590823999999999572e+00 9.983197855199092974e-01 5.794485170817514214e-02 0.000000000000000000e+00 -1.448785499999999971e+01 0.000000000000000000e+00 0.000000000000000000e+00 1.000000000000000000e+00 0.000000000000000000e+00
5.793262228645499473e-02 -9.983204952694374468e-01 0.000000000000000000e+00 5.591124416666666264e+00 9.983204952694374468e-01 5.793262228645499473e-02 0.000000000000000000e+00 -1.447666100000000000e+01 0.000000000000000000e+00 0.000000000000000000e+00 1.000000000000000000e+00 0.000000000000000000e+00
5.792039285604155818e-02 -9.983212048691552098e-01 0.000000000000000000e+00 5.591424833333332955e+00 9.983212048691552098e-01 5.792039285604155818e-02 0.000000000000000000e+00 -1.446546700000000030e+01 0.000000000000000000e+00 0.000000000000000000e+00 1.000000000000000000e+00 0.000000000000000000e+00
5.790816341693644231e-02 -9.983219143190623646e-01 0.000000000000000000e+00 5.591725249999999647e+00 9.983219143190623646e-01 5.790816341693644231e-02 0.000000000000000000e+00 -1.445427300000000059e+01 0.000000000000000000e+00 0.000000000000000000e+00 1.000000000000000000e+00 0.000000000000000000e+00
5.789593396914147899e-02 -9.983226236191589109e-01 0.000000000000000000e+00 5.592025666666666339e+00 9.983226236191589109e-01 5.789593396914147899e-02 0.000000000000000000e+00 -1.444307899999999911e+01 0.000000000000000000e+00 0.000000000000000000e+00 1.000000000000000000e+00 0.000000000000000000e+00
5.788370451265851396e-02 -9.983233327694446269e-01 0.000000000000000000e+00 5.592326083333333031e+00 9.983233327694446269e-01 5.788370451265851396e-02 0.000000000000000000e+00 -1.443188499999999941e+01 0.000000000000000000e+00 0.000000000000000000e+00 1.000000000000000000e+00 0.000000000000000000e+00
5.787147504748915011e-02 -9.983240417699194014e-01 0.000000000000000000e+00 5.592626499999999723e+00 9.983240417699194014e-01 5.787147504748915011e-02 0.000000000000000000e+00 -1.442069099999999970e+01 0.000000000000000000e+00 0.000000000000000000e+00 1.000000000000000000e+00 0.000000000000000000e+00
5.785924557363544829e-02 -9.983247506205832345e-01 0.000000000000000000e+00 5.592926916666666415e+00 9.983247506205832345e-01 5.785924557363544829e-02 0.000000000000000000e+00 -1.440949700000000000e+01 0.000000000000000000e+00 0.000000000000000000e+00 1.000000000000000000e+00 0.000000000000000000e+00
5.784701609109946241e-02 -9.983254593214359041e-01 0.000000000000000000e+00 5.593227333333333107e+00 9.983254593214359041e-01 5.784701609109946241e-02 0.000000000000000000e+00 -1.439830300000000030e+01 0.000000000000000000e+00 0.000000000000000000e+00 1.000000000000000000e+00 0.000000000000000000e+00
5.783478659988280923e-02 -9.983261678724774102e-01 0.000000000000000000e+00 5.593527749999999799e+00 9.983261678724774102e-01 5.783478659988280923e-02 0.000000000000000000e+00 -1.438710899999999882e+01 0.000000000000000000e+00 0.000000000000000000e+00 1.000000000000000000e+00 0.000000000000000000e+00
5.782255709998732757e-02 -9.983268762737076418e-01 0.000000000000000000e+00 5.593828166666666490e+00 9.983268762737076418e-01 5.782255709998732757e-02 0.000000000000000000e+00 -1.437591499999999911e+01 0.000000000000000000e+00 0.000000000000000000e+00 1.000000000000000000e+00 0.000000000000000000e+00
5.781032759141484234e-02 -9.983275845251263769e-01 0.000000000000000000e+00 5.594128583333333182e+00 9.983275845251263769e-01 5.781032759141484234e-02 0.000000000000000000e+00 -1.436472099999999941e+01 0.000000000000000000e+00 0.000000000000000000e+00 1.000000000000000000e+00 0.000000000000000000e+00
5.779809807416697726e-02 -9.983282926267336155e-01 0.000000000000000000e+00 5.594428999999999874e+00 9.983282926267336155e-01 5.779809807416697726e-02 0.000000000000000000e+00 -1.435352699999999970e+01 0.000000000000000000e+00 0.000000000000000000e+00 1.000000000000000000e+00 0.000000000000000000e+00
5.781432090129034335e-02 -9.983273532758293323e-01 0.000000000000000000e+00 5.595167749999999884e+00 9.983273532758293323e-01 5.781432090129034335e-02 0.000000000000000000e+00 -1.434231858333333420e+01 0.000000000000000000e+00 0.000000000000000000e+00 1.000000000000000000e+00 0.000000000000000000e+00
5.783054371314711589e-02 -9.983264136613043682e-01 0.000000000000000000e+00 5.595906499999999895e+00 9.983264136613043682e-01 5.783054371314711589e-02 0.000000000000000000e+00 -1.433111016666666693e+01 0.000000000000000000e+00 0.000000000000000000e+00 1.000000000000000000e+00 0.000000000000000000e+00
5.784676650973279155e-02 -9.983254737831588344e-01 0.000000000000000000e+00 5.596645249999999905e+00 9.983254737831588344e-01 5.784676650973279155e-02 0.000000000000000000e+00 -1.431990174999999965e+01 0.000000000000000000e+00 0.000000000000000000e+00 1.000000000000000000e+00 0.000000000000000000e+00
5.786298929104351924e-02 -9.983245336413928417e-01 0.000000000000000000e+00 5.597383999999999915e+00 9.983245336413928417e-01 5.786298929104351924e-02 0.000000000000000000e+00 -1.430869333333333238e+01 0.000000000000000000e+00 0.000000000000000000e+00 1.000000000000000000e+00 0.000000000000000000e+00
5.787921205707480948e-02 -9.983235932360069453e-01 0.000000000000000000e+00 5.598122749999999925e+00 9.983235932360069453e-01 5.787921205707480948e-02 0.000000000000000000e+00 -1.429748491666666510e+01 0.000000000000000000e+00 0.000000000000000000e+00 1.000000000000000000e+00 0.000000000000000000e+00
5.789543480782214507e-02 -9.983226525670011453e-01 0.000000000000000000e+00 5.598861499999999936e+00 9.983226525670011453e-01 5.789543480782214507e-02 0.000000000000000000e+00 -1.428627649999999960e+01 0.000000000000000000e+00 0.000000000000000000e+00 1.000000000000000000e+00 0.000000000000000000e+00
5.791165754328168880e-02 -9.983217116343757747e-01 0.000000000000000000e+00 5.599600249999999946e+00 9.983217116343757747e-01 5.791165754328168880e-02 0.000000000000000000e+00 -1.427506808333333410e+01 0.000000000000000000e+00 0.000000000000000000e+00 1.000000000000000000e+00 0.000000000000000000e+00
5.792788026344893731e-02 -9.983207704381310554e-01 0.000000000000000000e+00 5.600338999999999956e+00 9.983207704381310554e-01 5.792788026344893731e-02 0.000000000000000000e+00 -1.426385966666666683e+01 0.000000000000000000e+00 0.000000000000000000e+00 1.000000000000000000e+00 0.000000000000000000e+00
5.794410296831960239e-02 -9.983198289782672097e-01 0.000000000000000000e+00 5.601077749999999966e+00 9.983198289782672097e-01 5.794410296831960239e-02 0.000000000000000000e+00 -1.425265124999999955e+01 0.000000000000000000e+00 0.000000000000000000e+00 1.000000000000000000e+00 0.000000000000000000e+00
5.796032565788940272e-02 -9.983188872547846815e-01 0.000000000000000000e+00 5.601816499999999976e+00 9.983188872547846815e-01 5.796032565788940272e-02 0.000000000000000000e+00 -1.424144283333333227e+01 0.000000000000000000e+00 0.000000000000000000e+00 1.000000000000000000e+00 0.000000000000000000e+00
5.797654833215383496e-02 -9.983179452676834709e-01 0.000000000000000000e+00 5.602555249999999987e+00 9.983179452676834709e-01 5.797654833215383496e-02 0.000000000000000000e+00 -1.423023441666666500e+01 0.000000000000000000e+00 0.000000000000000000e+00 1.000000000000000000e+00 0.000000000000000000e+00
5.799277099110905498e-02 -9.983170030169639109e-01 0.000000000000000000e+00 5.603293999999999997e+00 9.983170030169639109e-01 5.799277099110905498e-02 0.000000000000000000e+00 -1.421902599999999950e+01 0.000000000000000000e+00 0.000000000000000000e+00 1.000000000000000000e+00 0.000000000000000000e+00
5.796273826169757309e-02 -9.983187471810823777e-01 0.000000000000000000e+00 5.603944999999999510e+00 9.983187471810823777e-01 5.796273826169757309e-02 0.000000000000000000e+00 -1.420626349999999860e+01 0.000000000000000000e+00 0.000000000000000000e+00 1.000000000000000000e+00 0.000000000000000000e+00
5.793270547982941332e-02 -9.983204904417154468e-01 0.000000000000000000e+00 5.604595999999999911e+00 9.983204904417154468e-01 5.793270547982941332e-02 0.000000000000000000e+00 -1.419350099999999948e+01 0.000000000000000000e+00 0.000000000000000000e+00 1.000000000000000000e+00 0.000000000000000000e+00
5.790267264553174836e-02 -9.983222327988615641e-01 0.000000000000000000e+00 5.605247000000000313e+00 9.983222327988615641e-01 5.790267264553174836e-02 0.000000000000000000e+00 -1.418073850000000036e+01 0.000000000000000000e+00 0.000000000000000000e+00 1.000000000000000000e+00 0.000000000000000000e+00
5.787263975883177175e-02 -9.983239742525191751e-01 0.000000000000000000e+00 5.605897999999999826e+00 9.983239742525191751e-01 5.787263975883177175e-02 0.000000000000000000e+00 -1.416797599999999946e+01 0.000000000000000000e+00 0.000000000000000000e+00 1.000000000000000000e+00 0.000000000000000000e+00
5.784260681975664231e-02 -9.983257148026865035e-01 0.000000000000000000e+00 5.606549000000000227e+00 9.983257148026865035e-01 5.784260681975664231e-02 0.000000000000000000e+00 -1.415521349999999856e+01 0.000000000000000000e+00 0.000000000000000000e+00 1.000000000000000000e+00 0.000000000000000000e+00
5.781257382833356051e-02 -9.983274544493622171e-01 0.000000000000000000e+00 5.607200000000000628e+00 9.983274544493622171e-01 5.781257382833356051e-02 0.000000000000000000e+00 -1.414245099999999944e+01 0.000000000000000000e+00 0.000000000000000000e+00 1.000000000000000000e+00 0.000000000000000000e+00
5.778254078458969906e-02 -9.983291931925446505e-01 0.000000000000000000e+00 5.607851000000000141e+00 9.983291931925446505e-01 5.778254078458969906e-02 0.000000000000000000e+00 -1.412968850000000032e+01 0.000000000000000000e+00 0.000000000000000000e+00 1.000000000000000000e+00 0.000000000000000000e+00
5.775250768855223066e-02 -9.983309310322322494e-01 0.000000000000000000e+00 5.608502000000000542e+00 9.983309310322322494e-01 5.775250768855223066e-02 0.000000000000000000e+00 -1.411692599999999942e+01 0.000000000000000000e+00 0.000000000000000000e+00 1.000000000000000000e+00 0.000000000000000000e+00
5.772247454024834190e-02 -9.983326679684234595e-01 0.000000000000000000e+00 5.609153000000000944e+00 9.983326679684234595e-01 5.772247454024834190e-02 0.000000000000000000e+00 -1.410416349999999852e+01 0.000000000000000000e+00 0.000000000000000000e+00 1.000000000000000000e+00 0.000000000000000000e+00
5.769244133970521937e-02 -9.983344040011166154e-01 0.000000000000000000e+00 5.609804000000000457e+00 9.983344040011166154e-01 5.769244133970521937e-02 0.000000000000000000e+00 -1.409140099999999940e+01 0.000000000000000000e+00 0.000000000000000000e+00 1.000000000000000000e+00 0.000000000000000000e+00
5.766240808695003578e-02 -9.983361391303101628e-01 0.000000000000000000e+00 5.610454999999999970e+00 9.983361391303101628e-01 5.766240808695003578e-02 0.000000000000000000e+00 -1.407863850000000028e+01 0.000000000000000000e+00 0.000000000000000000e+00 1.000000000000000000e+00 0.000000000000000000e+00
5.763237478200996383e-02 -9.983378733560026586e-01 0.000000000000000000e+00 5.611106000000000371e+00 9.983378733560026586e-01 5.763237478200996383e-02 0.000000000000000000e+00 -1.406587599999999938e+01 0.000000000000000000e+00 0.000000000000000000e+00 1.000000000000000000e+00 0.000000000000000000e+00
5.784643373457182269e-02 -9.983254930653587822e-01 0.000000000000000000e+00 5.611738833333333787e+00 9.983254930653587822e-01 5.784643373457182269e-02 0.000000000000000000e+00 -1.405526724999999999e+01 0.000000000000000000e+00 0.000000000000000000e+00 1.000000000000000000e+00 0.000000000000000000e+00
5.806049002767241923e-02 -9.983130668771929006e-01 0.000000000000000000e+00 5.612371666666667203e+00 9.983130668771929006e-01 5.806049002767241923e-02 0.000000000000000000e+00 -1.404465849999999882e+01 0.000000000000000000e+00 0.000000000000000000e+00 1.000000000000000000e+00 0.000000000000000000e+00
5.827454365147062554e-02 -9.983005947920761125e-01 0.000000000000000000e+00 5.613004500000000618e+00 9.983005947920761125e-01 5.827454365147062554e-02 0.000000000000000000e+00 -1.403404974999999943e+01 0.000000000000000000e+00 0.000000000000000000e+00 1.000000000000000000e+00 0.000000000000000000e+00
5.848859459612542472e-02 -9.982880768105818481e-01 0.000000000000000000e+00 5.613637333333333146e+00 9.982880768105818481e-01 5.848859459612542472e-02 0.000000000000000000e+00 -1.402344100000000005e+01 0.000000000000000000e+00 0.000000000000000000e+00 1.000000000000000000e+00 0.000000000000000000e+00
5.870264285179594560e-02 -9.982755129332856470e-01 0.000000000000000000e+00 5.614270166666666562e+00 9.982755129332856470e-01 5.870264285179594560e-02 0.000000000000000000e+00 -1.401283224999999888e+01 0.000000000000000000e+00 0.000000000000000000e+00 1.000000000000000000e+00 0.000000000000000000e+00
5.891668840864140722e-02 -9.982629031607650472e-01 0.000000000000000000e+00 5.614902999999999977e+00 9.982629031607650472e-01 5.891668840864140722e-02 0.000000000000000000e+00 -1.400222349999999949e+01 0.000000000000000000e+00 0.000000000000000000e+00 1.000000000000000000e+00 0.000000000000000000e+00
5.913073125682118125e-02 -9.982502474935999182e-01 0.000000000000000000e+00 5.615535833333333393e+00 9.982502474935999182e-01 5.913073125682118125e-02 0.000000000000000000e+00 -1.399161475000000010e+01 0.000000000000000000e+00 0.000000000000000000e+00 1.000000000000000000e+00 0.000000000000000000e+00
5.934477138649475042e-02 -9.982375459323721278e-01 0.000000000000000000e+00 5.616168666666666809e+00 9.982375459323721278e-01 5.934477138649475042e-02 0.000000000000000000e+00 -1.398100599999999893e+01 0.000000000000000000e+00 0.000000000000000000e+00 1.000000000000000000e+00 0.000000000000000000e+00
5.955880878782172927e-02 -9.982247984776654315e-01 0.000000000000000000e+00 5.616801499999999336e+00 9.982247984776654315e-01 5.955880878782172927e-02 0.000000000000000000e+00 -1.397039724999999954e+01 0.000000000000000000e+00 0.000000000000000000e+00 1.000000000000000000e+00 0.000000000000000000e+00
5.977284345096184337e-02 -9.982120051300659158e-01 0.000000000000000000e+00 5.617434333333332752e+00 9.982120051300659158e-01 5.977284345096184337e-02 0.000000000000000000e+00 -1.395978850000000016e+01 0.000000000000000000e+00 0.000000000000000000e+00 1.000000000000000000e+00 0.000000000000000000e+00
5.998687536607497095e-02 -9.981991658901618880e-01 0.000000000000000000e+00 5.618067166666666168e+00 9.981991658901618880e-01 5.998687536607497095e-02 0.000000000000000000e+00 -1.394917974999999899e+01 0.000000000000000000e+00 0.000000000000000000e+00 1.000000000000000000e+00 0.000000000000000000e+00
6.020090452332108738e-02 -9.981862807585435426e-01 0.000000000000000000e+00 5.618699999999999584e+00 9.981862807585435426e-01 6.020090452332108738e-02 0.000000000000000000e+00 -1.393857099999999960e+01 0.000000000000000000e+00 0.000000000000000000e+00 1.000000000000000000e+00 0.000000000000000000e+00
6.011414527180015954e-02 -9.981915094500858343e-01 0.000000000000000000e+00 5.619194583333332993e+00 9.981915094500858343e-01 6.011414527180015954e-02 0.000000000000000000e+00 -1.392804774999999928e+01 0.000000000000000000e+00 0.000000000000000000e+00 1.000000000000000000e+00 0.000000000000000000e+00
6.002738556614672233e-02 -9.981967306007835106e-01 0.000000000000000000e+00 5.619689166666666402e+00 9.981967306007835106e-01 6.002738556614672233e-02 0.000000000000000000e+00 -1.391752449999999897e+01 0.000000000000000000e+00 0.000000000000000000e+00 1.000000000000000000e+00 0.000000000000000000e+00
5.994062540701598774e-02 -9.982019442105969365e-01 0.000000000000000000e+00 5.620183749999999812e+00 9.982019442105969365e-01 5.994062540701598774e-02 0.000000000000000000e+00 -1.390700125000000043e+01 0.000000000000000000e+00 0.000000000000000000e+00 1.000000000000000000e+00 0.000000000000000000e+00
5.985386479506338286e-02 -9.982071502794869211e-01 0.000000000000000000e+00 5.620678333333333221e+00 9.982071502794869211e-01 5.985386479506338286e-02 0.000000000000000000e+00 -1.389647800000000011e+01 0.000000000000000000e+00 0.000000000000000000e+00 1.000000000000000000e+00 0.000000000000000000e+00
5.976710373094434176e-02 -9.982123488074140516e-01 0.000000000000000000e+00 5.621172916666665742e+00 9.982123488074140516e-01 5.976710373094434176e-02 0.000000000000000000e+00 -1.388595474999999979e+01 0.000000000000000000e+00 0.000000000000000000e+00 1.000000000000000000e+00 0.000000000000000000e+00
5.968034221531430539e-02 -9.982175397943391371e-01 0.000000000000000000e+00 5.621667499999999151e+00 9.982175397943391371e-01 5.968034221531430539e-02 0.000000000000000000e+00 -1.387543149999999947e+01 0.000000000000000000e+00 0.000000000000000000e+00 1.000000000000000000e+00 0.000000000000000000e+00
5.959358024882870086e-02 -9.982227232402227646e-01 0.000000000000000000e+00 5.622162083333332561e+00 9.982227232402227646e-01 5.959358024882870086e-02 0.000000000000000000e+00 -1.386490824999999916e+01 0.000000000000000000e+00 0.000000000000000000e+00 1.000000000000000000e+00 0.000000000000000000e+00
5.950681783214276793e-02 -9.982278991450259653e-01 0.000000000000000000e+00 5.622656666666665970e+00 9.982278991450259653e-01 5.950681783214276793e-02 0.000000000000000000e+00 -1.385438499999999884e+01 0.000000000000000000e+00 0.000000000000000000e+00 1.000000000000000000e+00 0.000000000000000000e+00
5.942005496591215574e-02 -9.982330675087095484e-01 0.000000000000000000e+00 5.623151249999999379e+00 9.982330675087095484e-01 5.942005496591215574e-02 0.000000000000000000e+00 -1.384386174999999852e+01 0.000000000000000000e+00 0.000000000000000000e+00 1.000000000000000000e+00 0.000000000000000000e+00
5.933329165079255507e-02 -9.982382283312345450e-01 0.000000000000000000e+00 5.623645833333332789e+00 9.982382283312345450e-01 5.933329165079255507e-02 0.000000000000000000e+00 -1.383333849999999998e+01 0.000000000000000000e+00 0.000000000000000000e+00 1.000000000000000000e+00 0.000000000000000000e+00
5.924652788743919180e-02 -9.982433816125618753e-01 0.000000000000000000e+00 5.624140416666666198e+00 9.982433816125618753e-01 5.924652788743919180e-02 0.000000000000000000e+00 -1.382281524999999966e+01 0.000000000000000000e+00 0.000000000000000000e+00 1.000000000000000000e+00 0.000000000000000000e+00
5.915976367650752077e-02 -9.982485273526526814e-01 0.000000000000000000e+00 5.624634999999999607e+00 9.982485273526526814e-01 5.915976367650752077e-02 0.000000000000000000e+00 -1.381229199999999935e+01 0.000000000000000000e+00 0.000000000000000000e+00 1.000000000000000000e+00 0.000000000000000000e+00
5.786307248475446724e-02 -9.983245288194736444e-01 0.000000000000000000e+00 5.624842833333333125e+00 9.983245288194736444e-01 5.786307248475446724e-02 0.000000000000000000e+00 -1.380173066666666593e+01 0.000000000000000000e+00 0.000000000000000000e+00 1.000000000000000000e+00 0.000000000000000000e+00
5.656628366733594537e-02 -9.983988459288534179e-01 0.000000000000000000e+00 5.625050666666666643e+00 9.983988459288534179e-01 5.656628366733594537e-02 0.000000000000000000e+00 -1.379116933333333250e+01 0.000000000000000000e+00 0.000000000000000000e+00 1.000000000000000000e+00 0.000000000000000000e+00
5.526939941217342417e-02 -9.984714785554055227e-01 0.000000000000000000e+00 5.625258499999999273e+00 9.984714785554055227e-01 5.526939941217342417e-02 0.000000000000000000e+00 -1.378060799999999908e+01 0.000000000000000000e+00 0.000000000000000000e+00 1.000000000000000000e+00 0.000000000000000000e+00
5.397242190734961170e-02 -9.985424265765852070e-01 0.000000000000000000e+00 5.625466333333332791e+00 9.985424265765852070e-01 5.397242190734961170e-02 0.000000000000000000e+00 -1.377004666666666566e+01 0.000000000000000000e+00 0.000000000000000000e+00 1.000000000000000000e+00 0.000000000000000000e+00
5.267535334110456241e-02 -9.986116898726901114e-01 0.000000000000000000e+00 5.625674166666666309e+00 9.986116898726901114e-01 5.267535334110456241e-02 0.000000000000000000e+00 -1.375948533333333224e+01 0.000000000000000000e+00 0.000000000000000000e+00 1.000000000000000000e+00 0.000000000000000000e+00
5.137819590183172885e-02 -9.986792683268602699e-01 0.000000000000000000e+00 5.625881999999999827e+00 9.986792683268602699e-01 5.137819590183172885e-02 0.000000000000000000e+00 -1.374892399999999881e+01 0.000000000000000000e+00 0.000000000000000000e+00 1.000000000000000000e+00 0.000000000000000000e+00
5.008095177807496412e-02 -9.987451618250784424e-01 0.000000000000000000e+00 5.626089833333333345e+00 9.987451618250784424e-01 5.008095177807496412e-02 0.000000000000000000e+00 -1.373836266666666717e+01 0.000000000000000000e+00 0.000000000000000000e+00 1.000000000000000000e+00 0.000000000000000000e+00
4.878362315852436543e-02 -9.988093702561701148e-01 0.000000000000000000e+00 5.626297666666666863e+00 9.988093702561701148e-01 4.878362315852436543e-02 0.000000000000000000e+00 -1.372780133333333374e+01 0.000000000000000000e+00 0.000000000000000000e+00 1.000000000000000000e+00 0.000000000000000000e+00
4.748621223201215935e-02 -9.988718935118038322e-01 0.000000000000000000e+00 5.626505500000000382e+00 9.988718935118038322e-01 4.748621223201215935e-02 0.000000000000000000e+00 -1.371724000000000032e+01 0.000000000000000000e+00 0.000000000000000000e+00 1.000000000000000000e+00 0.000000000000000000e+00
4.618872118750964179e-02 -9.989327314864913099e-01 0.000000000000000000e+00 5.626713333333333011e+00 9.989327314864913099e-01 4.618872118750964179e-02 0.000000000000000000e+00 -1.370667866666666690e+01 0.000000000000000000e+00 0.000000000000000000e+00 1.000000000000000000e+00 0.000000000000000000e+00
4.489115221412329909e-02 -9.989918840775876552e-01 0.000000000000000000e+00 5.626921166666666529e+00 9.989918840775876552e-01 4.489115221412329909e-02 0.000000000000000000e+00 -1.369611733333333348e+01 0.000000000000000000e+00 0.000000000000000000e+00 1.000000000000000000e+00 0.000000000000000000e+00
4.359350750109087375e-02 -9.990493511852917008e-01 0.000000000000000000e+00 5.627129000000000048e+00 9.990493511852917008e-01 4.359350750109087375e-02 0.000000000000000000e+00 -1.368555600000000005e+01 0.000000000000000000e+00 0.000000000000000000e+00 1.000000000000000000e+00 0.000000000000000000e+00
4.164752766671449280e-02 -9.991323653246602099e-01 0.000000000000000000e+00 5.626886333333333212e+00 9.991323653246602099e-01 4.164752766671449280e-02 0.000000000000000000e+00 -1.367597525000000047e+01 0.000000000000000000e+00 0.000000000000000000e+00 1.000000000000000000e+00 0.000000000000000000e+00
3.970138983291032764e-02 -9.992115890267362355e-01 0.000000000000000000e+00 5.626643666666666377e+00 9.992115890267362355e-01 3.970138983291032764e-02 0.000000000000000000e+00 -1.366639449999999911e+01 0.000000000000000000e+00 0.000000000000000000e+00 1.000000000000000000e+00 0.000000000000000000e+00
3.775510138279764699e-02 -9.992870219909666396e-01 0.000000000000000000e+00 5.626400999999999542e+00 9.992870219909666396e-01 3.775510138279764699e-02 0.000000000000000000e+00 -1.365681374999999953e+01 0.000000000000000000e+00 0.000000000000000000e+00 1.000000000000000000e+00 0.000000000000000000e+00
3.580866970006712363e-02 -9.993586639311791142e-01 0.000000000000000000e+00 5.626158333333333594e+00 9.993586639311791142e-01 3.580866970006712363e-02 0.000000000000000000e+00 -1.364723299999999995e+01 0.000000000000000000e+00 0.000000000000000000e+00 1.000000000000000000e+00 0.000000000000000000e+00
3.386210216895280123e-02 -9.994265145755837354e-01 0.000000000000000000e+00 5.625915666666666759e+00 9.994265145755837354e-01 3.386210216895280123e-02 0.000000000000000000e+00 -1.363765225000000036e+01 0.000000000000000000e+00 0.000000000000000000e+00 1.000000000000000000e+00 0.000000000000000000e+00
3.191540617420411674e-02 -9.994905736667732965e-01 0.000000000000000000e+00 5.625672999999999924e+00 9.994905736667732965e-01 3.191540617420411674e-02 0.000000000000000000e+00 -1.362807150000000078e+01 0.000000000000000000e+00 0.000000000000000000e+00 1.000000000000000000e+00 0.000000000000000000e+00
2.996858910105807544e-02 -9.995508409617250845e-01 0.000000000000000000e+00 5.625430333333333088e+00 9.995508409617250845e-01 2.996858910105807544e-02 0.000000000000000000e+00 -1.361849074999999942e+01 0.000000000000000000e+00 0.000000000000000000e+00 1.000000000000000000e+00 0.000000000000000000e+00
2.802165833521035043e-02 -9.996073162318014349e-01 0.000000000000000000e+00 5.625187666666666253e+00 9.996073162318014349e-01 2.802165833521035043e-02 0.000000000000000000e+00 -1.360890999999999984e+01 0.000000000000000000e+00 0.000000000000000000e+00 1.000000000000000000e+00 0.000000000000000000e+00
2.607462126278860606e-02 -9.996599992627503983e-01 0.000000000000000000e+00 5.624945000000000306e+00 9.996599992627503983e-01 2.607462126278860606e-02 0.000000000000000000e+00 -1.359932925000000026e+01 0.000000000000000000e+00 0.000000000000000000e+00 1.000000000000000000e+00 0.000000000000000000e+00
2.412748527032358356e-02 -9.997088898547068503e-01 0.000000000000000000e+00 5.624702333333333470e+00 9.997088898547068503e-01 2.412748527032358356e-02 0.000000000000000000e+00 -1.358974849999999890e+01 0.000000000000000000e+00 0.000000000000000000e+00 1.000000000000000000e+00 0.000000000000000000e+00
2.218025774472129341e-02 -9.997539878221930465e-01 0.000000000000000000e+00 5.624459666666666635e+00 9.997539878221930465e-01 2.218025774472129341e-02 0.000000000000000000e+00 -1.358016774999999932e+01 0.000000000000000000e+00 0.000000000000000000e+00 1.000000000000000000e+00 0.000000000000000000e+00
2.023294607323500652e-02 -9.997952929941196221e-01 0.000000000000000000e+00 5.624216999999999800e+00 9.997952929941196221e-01 2.023294607323500652e-02 0.000000000000000000e+00 -1.357058699999999973e+01 0.000000000000000000e+00 0.000000000000000000e+00 1.000000000000000000e+00 0.000000000000000000e+00
2.002432168312157784e-02 -9.997994931690707965e-01 0.000000000000000000e+00 5.624311916666666633e+00 9.997994931690707965e-01 2.002432168312157784e-02 0.000000000000000000e+00 -1.355953949999999963e+01 0.000000000000000000e+00 0.000000000000000000e+00 1.000000000000000000e+00 0.000000000000000000e+00
1.981569642111381119e-02 -9.998036498109748038e-01 0.000000000000000000e+00 5.624406833333333466e+00 9.998036498109748038e-01 1.981569642111381119e-02 0.000000000000000000e+00 -1.354849199999999954e+01 0.000000000000000000e+00 0.000000000000000000e+00 1.000000000000000000e+00 0.000000000000000000e+00
1.960707029629517317e-02 -9.998077629196505667e-01 0.000000000000000000e+00 5.624501750000000300e+00 9.998077629196505667e-01 1.960707029629517317e-02 0.000000000000000000e+00 -1.353744449999999944e+01 0.000000000000000000e+00 0.000000000000000000e+00 1.000000000000000000e+00 0.000000000000000000e+00
1.939844331774984165e-02 -9.998118324949190061e-01 0.000000000000000000e+00 5.624596666666666245e+00 9.998118324949190061e-01 1.939844331774984165e-02 0.000000000000000000e+00 -1.352639699999999934e+01 0.000000000000000000e+00 0.000000000000000000e+00 1.000000000000000000e+00 0.000000000000000000e+00
1.918981549456202571e-02 -9.998158585366030415e-01 0.000000000000000000e+00 5.624691583333333078e+00 9.998158585366030415e-01 1.918981549456202571e-02 0.000000000000000000e+00 -1.351534949999999924e+01 0.000000000000000000e+00 0.000000000000000000e+00 1.000000000000000000e+00 0.000000000000000000e+00
1.898118683581530991e-02 -9.998198410445273687e-01 0.000000000000000000e+00 5.624786499999999911e+00 9.998198410445273687e-01 1.898118683581530991e-02 0.000000000000000000e+00 -1.350430199999999914e+01 0.000000000000000000e+00 0.000000000000000000e+00 1.000000000000000000e+00 0.000000000000000000e+00
1.877255735059397967e-02 -9.998237800185183488e-01 0.000000000000000000e+00 5.624881416666666745e+00 9.998237800185183488e-01 1.877255735059397967e-02 0.000000000000000000e+00 -1.349325449999999904e+01 0.000000000000000000e+00 0.000000000000000000e+00 1.000000000000000000e+00 0.000000000000000000e+00
1.856392704798235163e-02 -9.998276754584047854e-01 0.000000000000000000e+00 5.624976333333333578e+00 9.998276754584047854e-01 1.856392704798235163e-02 0.000000000000000000e+00 -1.348220700000000072e+01 0.000000000000000000e+00 0.000000000000000000e+00 1.000000000000000000e+00 0.000000000000000000e+00
1.835529593706411791e-02 -9.998315273640168144e-01 0.000000000000000000e+00 5.625071249999999523e+00 9.998315273640168144e-01 1.835529593706411791e-02 0.000000000000000000e+00 -1.347115950000000062e+01 0.000000000000000000e+00 0.000000000000000000e+00 1.000000000000000000e+00 0.000000000000000000e+00
1.814666402692367148e-02 -9.998353357351869031e-01 0.000000000000000000e+00 5.625166166666666356e+00 9.998353357351869031e-01 1.814666402692367148e-02 0.000000000000000000e+00 -1.346011200000000052e+01 0.000000000000000000e+00 0.000000000000000000e+00 1.000000000000000000e+00 0.000000000000000000e+00
1.793803132664543998e-02 -9.998391005717491842e-01 0.000000000000000000e+00 5.625261083333333190e+00 9.998391005717491842e-01 1.793803132664543998e-02 0.000000000000000000e+00 -1.344906450000000042e+01 0.000000000000000000e+00 0.000000000000000000e+00 1.000000000000000000e+00 0.000000000000000000e+00
