6.758077872485086790e-02 -9.977138058315835334e-01 0.000000000000000000e+00 5.539298999999999751e+00 9.977138058315835334e-01 6.758077872485086790e-02 0.000000000000000000e+00 -1.489009800000000006e+01 0.000000000000000000e+00 0.000000000000000000e+00 1.000000000000000000e+00 0.000000000000000000e+00
6.898249945778771319e-02 -9.976178701128786130e-01 0.000000000000000000e+00 5.547596999999999667e+00 9.976178701128786130e-01 6.898249945778771319e-02 0.000000000000000000e+00 -1.476016699999999915e+01 0.000000000000000000e+00 0.000000000000000000e+00 1.000000000000000000e+00 0.000000000000000000e+00
6.328400982508819439e-02 -9.979955581566773981e-01 0.000000000000000000e+00 5.572233999999999909e+00 9.979955581566773981e-01 6.328400982508819439e-02 0.000000000000000000e+00 -1.463026299999999935e+01 0.000000000000000000e+00 0.000000000000000000e+00 1.000000000000000000e+00 0.000000000000000000e+00
5.794485170817514214e-02 -9.983197855199092974e-01 0.000000000000000000e+00 5.590823999999999572e+00 9.983197855199092974e-01 5.794485170817514214e-02 0.000000000000000000e+00 -1.448785499999999971e+01 0.000000000000000000e+00 0.000000000000000000e+00 1.000000000000000000e+00 0.000000000000000000e+00
5.779809807416697726e-02 -9.983282926267336155e-01 0.000000000000000000e+00 5.594428999999999874e+00 9.983282926267336155e-01 5.779809807416697726e-02 0.000000000000000000e+00 -1.435352699999999970e+01 0.000000000000000000e+00 0.000000000000000000e+00 1.000000000000000000e+00 0.000000000000000000e+00
5.799277099110905498e-02 -9.983170030169639109e-01 0.000000000000000000e+00 5.603293999999999997e+00 9.983170030169639109e-01 5.799277099110905498e-02 0.000000000000000000e+00 -1.421902599999999950e+01 0.000000000000000000e+00 0.000000000000000000e+00 1.000000000000000000e+00 0.000000000000000000e+00
5.763237478200996383e-02 -9.983378733560026586e-01 0.000000000000000000e+00 5.611106000000000371e+00 9.983378733560026586e-01 5.763237478200996383e-02 0.000000000000000000e+00 -1.406587599999999938e+01 0.000000000000000000e+00 0.000000000000000000e+00 1.000000000000000000e+00 0.000000000000000000e+00
6.020090452332108738e-02 -9.981862807585435426e-01 0.000000000000000000e+00 5.618699999999999584e+00 9.981862807585435426e-01 6.020090452332108738e-02 0.000000000000000000e+00 -1.393857099999999960e+01 0.000000000000000000e+00 0.000000000000000000e+00 1.000000000000000000e+00 0.000000000000000000e+00
5.915976367650752077e-02 -9.982485273526526814e-01 0.000000000000000000e+00 5.624634999999999607e+00 9.982485273526526814e-01 5.915976367650752077e-02 0.000000000000000000e+00 -1.381229199999999935e+01 0.000000000000000000e+00 0.000000000000000000e+00 1.000000000000000000e+00 0.000000000000000000e+00
4.359350750109087375e-02 -9.990493511852917008e-01 0.000000000000000000e+00 5.627129000000000048e+00 9.990493511852917008e-01 4.359350750109087375e-02 0.000000000000000000e+00 -1.368555600000000005e+01 0.000000000000000000e+00 0.000000000000000000e+00 1.000000000000000000e+00 0.000000000000000000e+00
2.023294607323500652e-02 -9.997952929941196221e-01 0.000000000000000000e+00 5.624216999999999800e+00 9.997952929941196221e-01 2.023294607323500652e-02 0.000000000000000000e+00 -1.357058699999999973e+01 0.000000000000000000e+00 0.000000000000000000e+00 1.000000000000000000e+00 0.000000000000000000e+00
1.772939784531321269e-02 -9.998428218735395667e-01 0.000000000000000000e+00 5.625356000000000023e+00 9.998428218735395667e-01 1.772939784531321269e-02 0.000000000000000000e+00 -1.343801700000000032e+01 0.000000000000000000e+00 0.000000000000000000e+00 1.000000000000000000e+00 0.000000000000000000e+00
1.890020136651147931e-02 -9.998213752407503208e-01 0.000000000000000000e+00 5.627487999999999602e+00 9.998213752407503208e-01 1.890020136651147931e-02 0.000000000000000000e+00 -1.329393199999999986e+01 0.000000000000000000e+00 0.000000000000000000e+00 1.000000000000000000e+00 0.000000000000000000e+00
1.885720902991612491e-02 -9.998221870250739718e-01 0.000000000000000000e+00 5.629487000000000130e+00 9.998221870250739718e-01 1.885720902991612491e-02 0.000000000000000000e+00 -1.316458199999999934e+01 0.000000000000000000e+00 0.000000000000000000e+00 1.000000000000000000e+00 0.000000000000000000e+00
1.907916908893311086e-02 -9.998179760870855581e-01 0.000000000000000000e+00 5.632093000000000238e+00 9.998179760870855581e-01 1.907916908893311086e-02 0.000000000000000000e+00 -1.303605300000000078e+01 0.000000000000000000e+00 0.000000000000000000e+00 1.000000000000000000e+00 0.000000000000000000e+00
1.922714193989877654e-02 -9.998151414200642240e-01 0.000000000000000000e+00 5.633638999999999619e+00 9.998151414200642240e-01 1.922714193989877654e-02 0.000000000000000000e+00 -1.290730699999999942e+01 0.000000000000000000e+00 0.000000000000000000e+00 1.000000000000000000e+00 0.000000000000000000e+00
1.856426032387318778e-02 -9.998276692703735868e-01 0.000000000000000000e+00 5.635750999999999955e+00 9.998276692703735868e-01 1.856426032387318778e-02 0.000000000000000000e+00 -1.277559199999999962e+01 0.000000000000000000e+00 0.000000000000000000e+00 1.000000000000000000e+00 0.000000000000000000e+00
1.884221169499000065e-02 -9.998224697707294162e-01 0.000000000000000000e+00 5.638607999999999620e+00 9.998224697707294162e-01 1.884221169499000065e-02 0.000000000000000000e+00 -1.264579499999999967e+01 0.000000000000000000e+00 0.000000000000000000e+00 1.000000000000000000e+00 0.000000000000000000e+00
1.902317925238552684e-02 -9.998190429528392986e-01 0.000000000000000000e+00 5.641049999999999898e+00 9.998190429528392986e-01 1.902317925238552684e-02 0.000000000000000000e+00 -1.250133600000000023e+01 0.000000000000000000e+00 0.000000000000000000e+00 1.000000000000000000e+00 0.000000000000000000e+00
1.983102674141412267e-02 -9.998033458527638695e-01 0.000000000000000000e+00 5.643246999999999680e+00 9.998033458527638695e-01 1.983102674141412267e-02 0.000000000000000000e+00 -1.235928299999999957e+01 0.000000000000000000e+00 0.000000000000000000e+00 1.000000000000000000e+00 0.000000000000000000e+00
1.669755079517885529e-02 -9.998605861806146855e-01 0.000000000000000000e+00 5.644960000000000200e+00 9.998605861806146855e-01 1.669755079517885529e-02 0.000000000000000000e+00 -1.222929199999999916e+01 0.000000000000000000e+00 0.000000000000000000e+00 1.000000000000000000e+00 0.000000000000000000e+00
1.530272948292154406e-02 -9.998829063797283201e-01 0.000000000000000000e+00 5.645706999999999809e+00 9.998829063797283201e-01 1.530272948292154406e-02 0.000000000000000000e+00 -1.210036000000000023e+01 0.000000000000000000e+00 0.000000000000000000e+00 1.000000000000000000e+00 0.000000000000000000e+00
1.368189989646240341e-02 -9.999063984269843663e-01 0.000000000000000000e+00 5.647615000000000052e+00 9.999063984269843663e-01 1.368189989646240341e-02 0.000000000000000000e+00 -1.196935700000000047e+01 0.000000000000000000e+00 0.000000000000000000e+00 1.000000000000000000e+00 0.000000000000000000e+00
6.248286137542808337e-03 -9.999804792696422862e-01 0.000000000000000000e+00 5.647573000000000398e+00 9.999804792696422862e-01 6.248286137542808337e-03 0.000000000000000000e+00 -1.183310099999999920e+01 0.000000000000000000e+00 0.000000000000000000e+00 1.000000000000000000e+00 0.000000000000000000e+00
-1.603395787705110820e-01 -9.870619126882037575e-01 0.000000000000000000e+00 5.603258000000000294e+00 9.870619126882037575e-01 -1.603395787705110820e-01 0.000000000000000000e+00 -1.184997100000000003e+01 0.000000000000000000e+00 0.000000000000000000e+00 1.000000000000000000e+00 0.000000000000000000e+00
-3.241959738570888705e-01 -9.459899420896893396e-01 0.000000000000000000e+00 5.559397999999999840e+00 9.459899420896893396e-01 -3.241959738570888705e-01 0.000000000000000000e+00 -1.186905400000000022e+01 0.000000000000000000e+00 0.000000000000000000e+00 1.000000000000000000e+00 0.000000000000000000e+00
-4.891593624881213076e-01 -8.721944267708976462e-01 0.000000000000000000e+00 5.515744999999999898e+00 8.721944267708976462e-01 -4.891593624881213076e-01 0.000000000000000000e+00 -1.189426899999999954e+01 0.000000000000000000e+00 0.000000000000000000e+00 1.000000000000000000e+00 0.000000000000000000e+00
-6.325178619369684618e-01 -7.745457729086681065e-01 0.000000000000000000e+00 5.480102999999999724e+00 7.745457729086681065e-01 -6.325178619369684618e-01 0.000000000000000000e+00 -1.192428699999999964e+01 0.000000000000000000e+00 0.000000000000000000e+00 1.000000000000000000e+00 0.000000000000000000e+00
-7.685960543007668289e-01 -6.397344021649084000e-01 0.000000000000000000e+00 5.446309000000000289e+00 6.397344021649084000e-01 -7.685960543007668289e-01 0.000000000000000000e+00 -1.196164399999999972e+01 0.000000000000000000e+00 0.000000000000000000e+00 1.000000000000000000e+00 0.000000000000000000e+00
-8.715205276231910991e-01 -4.903590214642680745e-01 0.000000000000000000e+00 5.422869999999999635e+00 4.903590214642680745e-01 -8.715205276231910991e-01 0.000000000000000000e+00 -1.200497999999999976e+01 0.000000000000000000e+00 0.000000000000000000e+00 1.000000000000000000e+00 0.000000000000000000e+00
-9.452209065951076017e-01 -3.264313675729140773e-01 0.000000000000000000e+00 5.410169999999999924e+00 3.264313675729140773e-01 -9.452209065951076017e-01 0.000000000000000000e+00 -1.205452999999999975e+01 0.000000000000000000e+00 0.000000000000000000e+00 1.000000000000000000e+00 0.000000000000000000e+00
-9.868928538326596778e-01 -1.613768727359299604e-01 0.000000000000000000e+00 5.403801999999999772e+00 1.613768727359299604e-01 -9.868928538326596778e-01 0.000000000000000000e+00 -1.210052800000000062e+01 0.000000000000000000e+00 0.000000000000000000e+00 1.000000000000000000e+00 0.000000000000000000e+00
-9.993104394682988945e-01 -3.713011674739680884e-02 0.000000000000000000e+00 5.257863999999999649e+00 3.713011674739680884e-02 -9.993104394682988945e-01 0.000000000000000000e+00 -1.212523000000000017e+01 0.000000000000000000e+00 0.000000000000000000e+00 1.000000000000000000e+00 0.000000000000000000e+00
-9.994424503737776577e-01 -3.338844696686243257e-02 0.000000000000000000e+00 5.117681000000000147e+00 3.338844696686243257e-02 -9.994424503737776577e-01 0.000000000000000000e+00 -1.212287300000000023e+01 0.000000000000000000e+00 0.000000000000000000e+00 1.000000000000000000e+00 0.000000000000000000e+00
-9.994511307168276737e-01 -3.312759135304922664e-02 0.000000000000000000e+00 4.966525999999999996e+00 3.312759135304922664e-02 -9.994511307168276737e-01 0.000000000000000000e+00 -1.211969200000000058e+01 0.000000000000000000e+00 0.000000000000000000e+00 1.000000000000000000e+00 0.000000000000000000e+00
-9.989941986769571569e-01 -4.483961429120759262e-02 0.000000000000000000e+00 4.842840999999999951e+00 4.483961429120759262e-02 -9.989941986769571569e-01 0.000000000000000000e+00 -1.211425799999999953e+01 0.000000000000000000e+00 0.000000000000000000e+00 1.000000000000000000e+00 0.000000000000000000e+00
-9.985320458206574656e-01 -5.416413452841596643e-02 0.000000000000000000e+00 4.714953999999999645e+00 5.416413452841596643e-02 -9.985320458206574656e-01 0.000000000000000000e+00 -1.210660700000000034e+01 0.000000000000000000e+00 0.000000000000000000e+00 1.000000000000000000e+00 0.000000000000000000e+00
-9.983951013111982409e-01 -5.663233773915915537e-02 0.000000000000000000e+00 4.585678999999999839e+00 5.663233773915915537e-02 -9.983951013111982409e-01 0.000000000000000000e+00 -1.209948400000000035e+01 0.000000000000000000e+00 0.000000000000000000e+00 1.000000000000000000e+00 0.000000000000000000e+00
-9.982916626154028084e-01 -5.842735962350865259e-02 0.000000000000000000e+00 4.464336000000000304e+00 5.842735962350865259e-02 -9.982916626154028084e-01 0.000000000000000000e+00 -1.209528300000000023e+01 0.000000000000000000e+00 0.000000000000000000e+00 1.000000000000000000e+00 0.000000000000000000e+00
-9.983475227271677577e-01 -5.746497946164534631e-02 0.000000000000000000e+00 4.328444000000000180e+00 5.746497946164534631e-02 -9.983475227271677577e-01 0.000000000000000000e+00 -1.208683800000000019e+01 0.000000000000000000e+00 0.000000000000000000e+00 1.000000000000000000e+00 0.000000000000000000e+00
-9.986504528141231241e-01 -5.193527793462496961e-02 0.000000000000000000e+00 4.186452000000000062e+00 5.193527793462496961e-02 -9.986504528141231241e-01 0.000000000000000000e+00 -1.208020499999999942e+01 0.000000000000000000e+00 0.000000000000000000e+00 1.000000000000000000e+00 0.000000000000000000e+00
-9.984984912664160994e-01 -5.477921995328855626e-02 0.000000000000000000e+00 4.053676000000000279e+00 5.477921995328855626e-02 -9.984984912664160994e-01 0.000000000000000000e+00 -1.207258599999999937e+01 0.000000000000000000e+00 0.000000000000000000e+00 1.000000000000000000e+00 0.000000000000000000e+00
-9.984615650788153385e-01 -5.544820159718964747e-02 0.000000000000000000e+00 3.908875999999999795e+00 5.544820159718964747e-02 -9.984615650788153385e-01 0.000000000000000000e+00 -1.206608400000000003e+01 0.000000000000000000e+00 0.000000000000000000e+00 1.000000000000000000e+00 0.000000000000000000e+00
-9.984674923206816599e-01 -5.534136589251698046e-02 0.000000000000000000e+00 3.775745000000000129e+00 5.534136589251698046e-02 -9.984674923206816599e-01 0.000000000000000000e+00 -1.205874299999999977e+01 0.000000000000000000e+00 0.000000000000000000e+00 1.000000000000000000e+00 0.000000000000000000e+00
-9.985471726356713873e-01 -5.388454343600535684e-02 0.000000000000000000e+00 3.636937000000000086e+00 5.388454343600535684e-02 -9.985471726356713873e-01 0.000000000000000000e+00 -1.205118099999999970e+01 0.000000000000000000e+00 0.000000000000000000e+00 1.000000000000000000e+00 0.000000000000000000e+00
-9.990257388731352828e-01 -4.413131619367579445e-02 0.000000000000000000e+00 3.488271999999999817e+00 4.413131619367579445e-02 -9.990257388731352828e-01 0.000000000000000000e+00 -1.205263799999999996e+01 0.000000000000000000e+00 0.000000000000000000e+00 1.000000000000000000e+00 0.000000000000000000e+00
-9.991444392752840686e-01 -4.135685511832545846e-02 0.000000000000000000e+00 3.346950000000000092e+00 4.135685511832545846e-02 -9.991444392752840686e-01 0.000000000000000000e+00 -1.204267199999999960e+01 0.000000000000000000e+00 0.000000000000000000e+00 1.000000000000000000e+00 0.000000000000000000e+00
-9.992480859204496690e-01 -3.877193294533699819e-02 0.000000000000000000e+00 3.208396000000000026e+00 3.877193294533699819e-02 -9.992480859204496690e-01 0.000000000000000000e+00 -1.203211399999999998e+01 0.000000000000000000e+00 0.000000000000000000e+00 1.000000000000000000e+00 0.000000000000000000e+00
-9.993055295869098797e-01 -3.726202540154622406e-02 0.000000000000000000e+00 3.067299000000000220e+00 3.726202540154622406e-02 -9.993055295869098797e-01 0.000000000000000000e+00 -1.202536699999999925e+01 0.000000000000000000e+00 0.000000000000000000e+00 1.000000000000000000e+00 0.000000000000000000e+00
-9.995443572031490476e-01 -3.018406836964941317e-02 0.000000000000000000e+00 2.928859999999999797e+00 3.018406836964941317e-02 -9.995443572031490476e-01 0.000000000000000000e+00 -1.200799100000000053e+01 0.000000000000000000e+00 0.000000000000000000e+00 1.000000000000000000e+00 0.000000000000000000e+00
-9.996838144230887346e-01 -2.514500309213405296e-02 0.000000000000000000e+00 2.776043000000000038e+00 2.514500309213405296e-02 -9.996838144230887346e-01 0.000000000000000000e+00 -1.199477899999999941e+01 0.000000000000000000e+00 0.000000000000000000e+00 1.000000000000000000e+00 0.000000000000000000e+00
-9.994831158147625683e-01 -3.214811349385766903e-02 0.000000000000000000e+00 2.634332999999999814e+00 3.214811349385766903e-02 -9.994831158147625683e-01 0.000000000000000000e+00 -1.200199800000000039e+01 0.000000000000000000e+00 0.000000000000000000e+00 1.000000000000000000e+00 0.000000000000000000e+00
-9.992683799680833756e-01 -3.824532384438754373e-02 0.000000000000000000e+00 2.479785999999999824e+00 3.824532384438754373e-02 -9.992683799680833756e-01 0.000000000000000000e+00 -1.200539599999999929e+01 0.000000000000000000e+00 0.000000000000000000e+00 1.000000000000000000e+00 0.000000000000000000e+00
-9.994921099744424886e-01 -3.186725747278647269e-02 0.000000000000000000e+00 2.341197000000000195e+00 3.186725747278647269e-02 -9.994921099744424886e-01 0.000000000000000000e+00 -1.199277599999999921e+01 0.000000000000000000e+00 0.000000000000000000e+00 1.000000000000000000e+00 0.000000000000000000e+00
-9.997484210079863320e-01 -2.242977244730830211e-02 0.000000000000000000e+00 2.201452000000000186e+00 2.242977244730830211e-02 -9.997484210079863320e-01 0.000000000000000000e+00 -1.198204499999999939e+01 0.000000000000000000e+00 0.000000000000000000e+00 1.000000000000000000e+00 0.000000000000000000e+00
-9.996474193520099583e-01 2.655253251324317040e-02 0.000000000000000000e+00 2.088115999999999861e+00 -2.655253251324317040e-02 -9.996474193520099583e-01 0.000000000000000000e+00 -1.198755000000000059e+01 0.000000000000000000e+00 0.000000000000000000e+00 1.000000000000000000e+00 0.000000000000000000e+00
-9.982990748393318903e-01 5.830057611150988445e-02 0.000000000000000000e+00 1.976517000000000079e+00 -5.830057611150988445e-02 -9.982990748393318903e-01 0.000000000000000000e+00 -1.200937500000000036e+01 0.000000000000000000e+00 0.000000000000000000e+00 1.000000000000000000e+00 0.000000000000000000e+00
-9.959295424230578675e-01 9.013515700878640957e-02 0.000000000000000000e+00 1.863966000000000012e+00 -9.013515700878640957e-02 -9.959295424230578675e-01 0.000000000000000000e+00 -1.202989999999999959e+01 0.000000000000000000e+00 0.000000000000000000e+00 1.000000000000000000e+00 0.000000000000000000e+00
-9.690047215613979414e-01 2.470422020459614731e-01 0.000000000000000000e+00 1.829064000000000023e+00 -2.470422020459614731e-01 -9.690047215613979414e-01 0.000000000000000000e+00 -1.207831799999999944e+01 0.000000000000000000e+00 0.000000000000000000e+00 1.000000000000000000e+00 0.000000000000000000e+00
-9.125929791579897588e-01 4.088692387445462817e-01 0.000000000000000000e+00 1.798376999999999892e+00 -4.088692387445462817e-01 -9.125929791579897588e-01 0.000000000000000000e+00 -1.214255099999999921e+01 0.000000000000000000e+00 0.000000000000000000e+00 1.000000000000000000e+00 0.000000000000000000e+00
-8.327994606186372994e-01 5.535747992758582869e-01 0.000000000000000000e+00 1.779282000000000030e+00 -5.535747992758582869e-01 -8.327994606186372994e-01 0.000000000000000000e+00 -1.220762599999999942e+01 0.000000000000000000e+00 0.000000000000000000e+00 1.000000000000000000e+00 0.000000000000000000e+00
-7.222629202525345793e-01 6.916185899961632133e-01 0.000000000000000000e+00 1.795625000000000027e+00 -6.916185899961632133e-01 -7.222629202525345793e-01 0.000000000000000000e+00 -1.225093900000000069e+01 0.000000000000000000e+00 0.000000000000000000e+00 1.000000000000000000e+00 0.000000000000000000e+00
-5.844512958312615414e-01 8.114287909614492644e-01 0.000000000000000000e+00 1.813179000000000096e+00 -8.114287909614492644e-01 -5.844512958312615414e-01 0.000000000000000000e+00 -1.229511100000000035e+01 0.000000000000000000e+00 0.000000000000000000e+00 1.000000000000000000e+00 0.000000000000000000e+00
-4.522261094363268508e-01 8.919033276897688767e-01 0.000000000000000000e+00 1.824991999999999948e+00 -8.919033276897688767e-01 -4.522261094363268508e-01 0.000000000000000000e+00 -1.235964099999999988e+01 0.000000000000000000e+00 0.000000000000000000e+00 1.000000000000000000e+00 0.000000000000000000e+00
-2.932606551216742075e-01 9.560325246337628702e-01 0.000000000000000000e+00 1.869091999999999976e+00 -9.560325246337628702e-01 -2.932606551216742075e-01 0.000000000000000000e+00 -1.237366100000000024e+01 0.000000000000000000e+00 0.000000000000000000e+00 1.000000000000000000e+00 0.000000000000000000e+00
-1.187488022619590106e-01 9.929243284164962491e-01 0.000000000000000000e+00 1.920558999999999905e+00 -9.929243284164962491e-01 -1.187488022619590106e-01 0.000000000000000000e+00 -1.238395500000000027e+01 0.000000000000000000e+00 0.000000000000000000e+00 1.000000000000000000e+00 0.000000000000000000e+00
-4.761655211132391138e-03 9.999886632555642363e-01 0.000000000000000000e+00 1.949642000000000097e+00 -9.999886632555642363e-01 -4.761655211132391138e-03 0.000000000000000000e+00 -1.252081300000000041e+01 0.000000000000000000e+00 0.000000000000000000e+00 1.000000000000000000e+00 0.000000000000000000e+00
-5.367647429649152757e-03 9.999855940767701235e-01 0.000000000000000000e+00 1.950757999999999992e+00 -9.999855940767701235e-01 -5.367647429649152757e-03 0.000000000000000000e+00 -1.266196300000000008e+01 0.000000000000000000e+00 0.000000000000000000e+00 1.000000000000000000e+00 0.000000000000000000e+00
-4.698655915939535521e-03 9.999889612553648499e-01 0.000000000000000000e+00 1.952309999999999990e+00 -9.999889612553648499e-01 -4.698655915939535521e-03 0.000000000000000000e+00 -1.280363099999999932e+01 0.000000000000000000e+00 0.000000000000000000e+00 1.000000000000000000e+00 0.000000000000000000e+00
-5.379647256391438016e-03 9.999855295930020205e-01 0.000000000000000000e+00 1.953578000000000037e+00 -9.999855295930020205e-01 -5.379647256391438016e-03 0.000000000000000000e+00 -1.294471300000000014e+01 0.000000000000000000e+00 0.000000000000000000e+00 1.000000000000000000e+00 0.000000000000000000e+00
-1.407020891537034447e-02 9.999010097110002659e-01 0.000000000000000000e+00 1.952776999999999985e+00 -9.999010097110002659e-01 -1.407020891537034447e-02 0.000000000000000000e+00 -1.308638999999999974e+01 0.000000000000000000e+00 0.000000000000000000e+00 1.000000000000000000e+00 0.000000000000000000e+00
-3.634366761645013016e-02 9.993393506833326834e-01 0.000000000000000000e+00 1.946013999999999911e+00 -9.993393506833326834e-01 -3.634366761645013016e-02 0.000000000000000000e+00 -1.320197100000000034e+01 0.000000000000000000e+00 0.000000000000000000e+00 1.000000000000000000e+00 0.000000000000000000e+00
-4.331911336962757098e-02 9.990612866170269779e-01 0.000000000000000000e+00 1.940862000000000087e+00 -9.990612866170269779e-01 -4.331911336962757098e-02 0.000000000000000000e+00 -1.334466100000000033e+01 0.000000000000000000e+00 0.000000000000000000e+00 1.000000000000000000e+00 0.000000000000000000e+00
-4.264973263469969134e-02 9.990900861815157352e-01 0.000000000000000000e+00 1.936895999999999951e+00 -9.990900861815157352e-01 -4.264973263469969134e-02 0.000000000000000000e+00 -1.348512500000000003e+01 0.000000000000000000e+00 0.000000000000000000e+00 1.000000000000000000e+00 0.000000000000000000e+00
-4.962328462612354552e-02 9.987680059067344240e-01 0.000000000000000000e+00 1.931753000000000053e+00 -9.987680059067344240e-01 -4.962328462612354552e-02 0.000000000000000000e+00 -1.361853100000000083e+01 0.000000000000000000e+00 0.000000000000000000e+00 1.000000000000000000e+00 0.000000000000000000e+00
-5.348713699125664384e-02 9.985685385472939934e-01 0.000000000000000000e+00 1.926422999999999996e+00 -9.985685385472939934e-01 -5.348713699125664384e-02 0.000000000000000000e+00 -1.374600200000000072e+01 0.000000000000000000e+00 0.000000000000000000e+00 1.000000000000000000e+00 0.000000000000000000e+00
-5.749395109850014701e-02 9.983458546951969881e-01 0.000000000000000000e+00 1.920193000000000039e+00 -9.983458546951969881e-01 -5.749395109850014701e-02 0.000000000000000000e+00 -1.387626000000000026e+01 0.000000000000000000e+00 0.000000000000000000e+00 1.000000000000000000e+00 0.000000000000000000e+00
-6.594378576701642736e-02 9.978233396341829042e-01 0.000000000000000000e+00 1.912735999999999992e+00 -9.978233396341829042e-01 -6.594378576701642736e-02 0.000000000000000000e+00 -1.400173000000000023e+01 0.000000000000000000e+00 0.000000000000000000e+00 1.000000000000000000e+00 0.000000000000000000e+00
-8.212407945687712207e-02 9.966221127254605294e-01 0.000000000000000000e+00 1.901987000000000094e+00 -9.966221127254605294e-01 -8.212407945687712207e-02 0.000000000000000000e+00 -1.411208399999999941e+01 0.000000000000000000e+00 0.000000000000000000e+00 1.000000000000000000e+00 0.000000000000000000e+00
-1.074975537965628947e-01 9.942053489736187855e-01 0.000000000000000000e+00 1.886784999999999934e+00 -9.942053489736187855e-01 -1.074975537965628947e-01 0.000000000000000000e+00 -1.422131000000000078e+01 0.000000000000000000e+00 0.000000000000000000e+00 1.000000000000000000e+00 0.000000000000000000e+00
-1.203393139770328191e-01 9.927328187944313154e-01 0.000000000000000000e+00 1.869621999999999895e+00 -9.927328187944313154e-01 -1.203393139770328191e-01 0.000000000000000000e+00 -1.435821999999999932e+01 0.000000000000000000e+00 0.000000000000000000e+00 1.000000000000000000e+00 0.000000000000000000e+00
-8.463829299815475715e-02 9.964117418810150006e-01 0.000000000000000000e+00 1.862902000000000058e+00 -9.964117418810150006e-01 -8.463829299815475715e-02 0.000000000000000000e+00 -1.456007999999999925e+01 0.000000000000000000e+00 0.000000000000000000e+00 1.000000000000000000e+00 0.000000000000000000e+00
-8.397167465216172355e-02 9.964681419172976007e-01 0.000000000000000000e+00 1.853639000000000037e+00 -9.964681419172976007e-01 -8.397167465216172355e-02 0.000000000000000000e+00 -1.470035900000000062e+01 0.000000000000000000e+00 0.000000000000000000e+00 1.000000000000000000e+00 0.000000000000000000e+00
-8.330501872372317318e-02 9.965240959733187021e-01 0.000000000000000000e+00 1.844367000000000090e+00 -9.965240959733187021e-01 -8.330501872372317318e-02 0.000000000000000000e+00 -1.484142100000000042e+01 0.000000000000000000e+00 0.000000000000000000e+00 1.000000000000000000e+00 0.000000000000000000e+00
-8.263832551120854630e-02 9.965796040240355591e-01 0.000000000000000000e+00 1.834394999999999998e+00 -9.965796040240355591e-01 -8.263832551120854630e-02 0.000000000000000000e+00 -1.498187199999999919e+01 0.000000000000000000e+00 0.000000000000000000e+00 1.000000000000000000e+00 0.000000000000000000e+00
-8.177326339269118394e-02 9.966509586580999391e-01 0.000000000000000000e+00 1.824785000000000101e+00 -9.966509586580999391e-01 -8.177326339269118394e-02 0.000000000000000000e+00 -1.513701499999999989e+01 0.000000000000000000e+00 0.000000000000000000e+00 1.000000000000000000e+00 0.000000000000000000e+00
-8.107758115990651437e-02 9.967077936051562670e-01 0.000000000000000000e+00 1.815833000000000030e+00 -9.967077936051562670e-01 -8.107758115990651437e-02 0.000000000000000000e+00 -1.527675499999999964e+01 0.000000000000000000e+00 0.000000000000000000e+00 1.000000000000000000e+00 0.000000000000000000e+00
-6.192003693841569706e-02 9.980811134499767423e-01 0.000000000000000000e+00 1.812351000000000045e+00 -9.980811134499767423e-01 -6.192003693841569706e-02 0.000000000000000000e+00 -1.543112799999999929e+01 0.000000000000000000e+00 0.000000000000000000e+00 1.000000000000000000e+00 0.000000000000000000e+00
-4.311530396718733088e-02 9.990701029276258804e-01 0.000000000000000000e+00 1.812516999999999934e+00 -9.990701029276258804e-01 -4.311530396718733088e-02 0.000000000000000000e+00 -1.557231099999999913e+01 0.000000000000000000e+00 0.000000000000000000e+00 1.000000000000000000e+00 0.000000000000000000e+00
-4.112507209621298065e-02 9.991540063699295704e-01 0.000000000000000000e+00 1.809193999999999969e+00 -9.991540063699295704e-01 -4.112507209621298065e-02 0.000000000000000000e+00 -1.571274900000000052e+01 0.000000000000000000e+00 0.000000000000000000e+00 1.000000000000000000e+00 0.000000000000000000e+00
-4.045662891282344326e-02 9.991812954499349475e-01 0.000000000000000000e+00 1.804977000000000054e+00 -9.991812954499349475e-01 -4.045662891282344326e-02 0.000000000000000000e+00 -1.586696099999999987e+01 0.000000000000000000e+00 0.000000000000000000e+00 1.000000000000000000e+00 0.000000000000000000e+00
-3.978816762262529089e-02 9.992081373353771667e-01 0.000000000000000000e+00 1.801625000000000032e+00 -9.992081373353771667e-01 -3.978816762262529089e-02 0.000000000000000000e+00 -1.600720199999999949e+01 0.000000000000000000e+00 0.000000000000000000e+00 1.000000000000000000e+00 0.000000000000000000e+00
-3.911968852479571351e-02 9.992345320142428378e-01 0.000000000000000000e+00 1.799058000000000046e+00 -9.992345320142428378e-01 -3.911968852479571351e-02 0.000000000000000000e+00 -1.614752800000000121e+01 0.000000000000000000e+00 0.000000000000000000e+00 1.000000000000000000e+00 0.000000000000000000e+00
-3.845019265802125663e-02 9.992605179254111514e-01 0.000000000000000000e+00 1.795317999999999969e+00 -9.992605179254111514e-01 -3.845019265802125663e-02 0.000000000000000000e+00 -1.629725600000000085e+01 0.000000000000000000e+00 0.000000000000000000e+00 1.000000000000000000e+00 0.000000000000000000e+00
-5.000980411874635101e-02 9.987487269038216597e-01 0.000000000000000000e+00 1.788578999999999919e+00 -9.987487269038216597e-01 -5.000980411874635101e-02 0.000000000000000000e+00 -1.644201100000000082e+01 0.000000000000000000e+00 0.000000000000000000e+00 1.000000000000000000e+00 0.000000000000000000e+00
-4.934163007906972043e-02 9.987819599598003473e-01 0.000000000000000000e+00 1.782837999999999923e+00 -9.987819599598003473e-01 -4.934163007906972043e-02 0.000000000000000000e+00 -1.658630199999999988e+01 0.000000000000000000e+00 0.000000000000000000e+00 1.000000000000000000e+00 0.000000000000000000e+00
-6.066140775773522231e-02 9.981584010610989877e-01 0.000000000000000000e+00 1.774559999999999915e+00 -9.981584010610989877e-01 -6.066140775773522231e-02 0.000000000000000000e+00 -1.672747999999999990e+01 0.000000000000000000e+00 0.000000000000000000e+00 1.000000000000000000e+00 0.000000000000000000e+00
-7.524349215931176726e-02 9.971651903710194720e-01 0.000000000000000000e+00 1.763619000000000048e+00 -9.971651903710194720e-01 -7.524349215931176726e-02 0.000000000000000000e+00 -1.686764000000000152e+01 0.000000000000000000e+00 0.000000000000000000e+00 1.000000000000000000e+00 0.000000000000000000e+00
-7.482367895845092043e-02 9.971967795110063815e-01 0.000000000000000000e+00 1.755573999999999968e+00 -9.971967795110063815e-01 -7.482367895845092043e-02 0.000000000000000000e+00 -1.700600199999999873e+01 0.000000000000000000e+00 0.000000000000000000e+00 1.000000000000000000e+00 0.000000000000000000e+00
-7.568223754534800229e-02 9.971319867099488476e-01 0.000000000000000000e+00 1.746642000000000028e+00 -9.971319867099488476e-01 -7.568223754534800229e-02 0.000000000000000000e+00 -1.716035099999999858e+01 0.000000000000000000e+00 0.000000000000000000e+00 1.000000000000000000e+00 0.000000000000000000e+00
-7.348936308925922700e-02 9.972960009509388435e-01 0.000000000000000000e+00 1.738483999999999918e+00 -9.972960009509388435e-01 -7.348936308925922700e-02 0.000000000000000000e+00 -1.730085599999999957e+01 0.000000000000000000e+00 0.000000000000000000e+00 1.000000000000000000e+00 0.000000000000000000e+00
-7.282215566890533343e-02 9.973449421557888384e-01 0.000000000000000000e+00 1.730706999999999995e+00 -9.973449421557888384e-01 -7.282215566890533343e-02 0.000000000000000000e+00 -1.744231200000000115e+01 0.000000000000000000e+00 0.000000000000000000e+00 1.000000000000000000e+00 0.000000000000000000e+00
-7.215491565619583381e-02 9.973934369879557948e-01 0.000000000000000000e+00 1.723122999999999960e+00 -9.973934369879557948e-01 -7.215491565619583381e-02 0.000000000000000000e+00 -1.758213800000000049e+01 0.000000000000000000e+00 0.000000000000000000e+00 1.000000000000000000e+00 0.000000000000000000e+00
-7.148664590824024834e-02 9.974415569128799453e-01 0.000000000000000000e+00 1.714166000000000079e+00 -9.974415569128799453e-01 -7.148664590824024834e-02 0.000000000000000000e+00 -1.773741000000000057e+01 0.000000000000000000e+00 0.000000000000000000e+00 1.000000000000000000e+00 0.000000000000000000e+00
-7.081934155912410211e-02 9.974891582674630941e-01 0.000000000000000000e+00 1.706776000000000071e+00 -9.974891582674630941e-01 -7.081934155912410211e-02 0.000000000000000000e+00 -1.787800400000000067e+01 0.000000000000000000e+00 0.000000000000000000e+00 1.000000000000000000e+00 0.000000000000000000e+00
-7.015200551403381890e-02 9.975363131848178355e-01 0.000000000000000000e+00 1.697978999999999905e+00 -9.975363131848178355e-01 -7.015200551403381890e-02 0.000000000000000000e+00 -1.803238100000000088e+01 0.000000000000000000e+00 0.000000000000000000e+00 1.000000000000000000e+00 0.000000000000000000e+00
-6.948463807164297068e-02 9.975830216438392739e-01 0.000000000000000000e+00 1.690763999999999934e+00 -9.975830216438392739e-01 -6.948463807164297068e-02 0.000000000000000000e+00 -1.817288599999999832e+01 0.000000000000000000e+00 0.000000000000000000e+00 1.000000000000000000e+00 0.000000000000000000e+00
-6.881723953063917376e-02 9.976292836236226869e-01 0.000000000000000000e+00 1.682768000000000042e+00 -9.976292836236226869e-01 -6.881723953063917376e-02 0.000000000000000000e+00 -1.831345699999999965e+01 0.000000000000000000e+00 0.000000000000000000e+00 1.000000000000000000e+00 0.000000000000000000e+00
-6.814981018972421367e-02 9.976750991034629701e-01 0.000000000000000000e+00 1.675588999999999995e+00 -9.976750991034629701e-01 -6.814981018972421367e-02 0.000000000000000000e+00 -1.845403500000000108e+01 0.000000000000000000e+00 0.000000000000000000e+00 1.000000000000000000e+00 0.000000000000000000e+00
-6.748235034761296269e-02 9.977204680628547484e-01 0.000000000000000000e+00 1.667770999999999892e+00 -9.977204680628547484e-01 -6.748235034761296269e-02 0.000000000000000000e+00 -1.859459700000000026e+01 0.000000000000000000e+00 0.000000000000000000e+00 1.000000000000000000e+00 0.000000000000000000e+00
-6.681486030303464274e-02 9.977653904814929309e-01 0.000000000000000000e+00 1.660813000000000095e+00 -9.977653904814929309e-01 -6.681486030303464274e-02 0.000000000000000000e+00 -1.873569099999999921e+01 0.000000000000000000e+00 0.000000000000000000e+00 1.000000000000000000e+00 0.000000000000000000e+00
-6.210068860468257596e-02 9.980698895742844412e-01 0.000000000000000000e+00 1.655035000000000034e+00 -9.980698895742844412e-01 -6.210068860468257596e-02 0.000000000000000000e+00 -1.887474800000000030e+01 0.000000000000000000e+00 0.000000000000000000e+00 1.000000000000000000e+00 0.000000000000000000e+00
-4.867643040002355564e-02 9.988145999751463222e-01 0.000000000000000000e+00 1.653620000000000090e+00 -9.988145999751463222e-01 -4.867643040002355564e-02 0.000000000000000000e+00 -1.901105899999999949e+01 0.000000000000000000e+00 0.000000000000000000e+00 1.000000000000000000e+00 0.000000000000000000e+00
-4.665972588142537625e-02 9.989108418576055914e-01 0.000000000000000000e+00 1.649335999999999913e+00 -9.989108418576055914e-01 -4.665972588142537625e-02 0.000000000000000000e+00 -1.915056200000000075e+01 0.000000000000000000e+00 0.000000000000000000e+00 1.000000000000000000e+00 0.000000000000000000e+00
-4.733997329267087412e-02 9.988788349587998106e-01 0.000000000000000000e+00 1.644478000000000106e+00 -9.988788349587998106e-01 -4.733997329267087412e-02 0.000000000000000000e+00 -1.929186199999999829e+01 0.000000000000000000e+00 0.000000000000000000e+00 1.000000000000000000e+00 0.000000000000000000e+00
-4.667171280816800882e-02 9.989102818689733487e-01 0.000000000000000000e+00 1.640026999999999902e+00 -9.989102818689733487e-01 -4.667171280816800882e-02 0.000000000000000000e+00 -1.943253699999999995e+01 0.000000000000000000e+00 0.000000000000000000e+00 1.000000000000000000e+00 0.000000000000000000e+00
-4.600343143522746259e-02 9.989412817058790361e-01 0.000000000000000000e+00 1.635620999999999992e+00 -9.989412817058790361e-01 -4.600343143522746259e-02 0.000000000000000000e+00 -1.957215899999999920e+01 0.000000000000000000e+00 0.000000000000000000e+00 1.000000000000000000e+00 0.000000000000000000e+00
-4.533413050108887205e-02 9.989718797902722436e-01 0.000000000000000000e+00 1.631747999999999976e+00 -9.989718797902722436e-01 -4.533413050108887205e-02 0.000000000000000000e+00 -1.972133099999999928e+01 0.000000000000000000e+00 0.000000000000000000e+00 1.000000000000000000e+00 0.000000000000000000e+00
-5.662836374213489621e-02 9.983953267217793304e-01 0.000000000000000000e+00 1.624587999999999921e+00 -9.983953267217793304e-01 -5.662836374213489621e-02 0.000000000000000000e+00 -1.984515800000000141e+01 0.000000000000000000e+00 0.000000000000000000e+00 1.000000000000000000e+00 0.000000000000000000e+00
-6.691164323142907711e-02 9.977589047460663219e-01 0.000000000000000000e+00 1.615299999999999958e+00 -9.977589047460663219e-01 -6.691164323142907711e-02 0.000000000000000000e+00 -1.998026499999999928e+01 0.000000000000000000e+00 0.000000000000000000e+00 1.000000000000000000e+00 0.000000000000000000e+00
-6.610842571964942183e-02 9.978124453267104288e-01 0.000000000000000000e+00 1.607367999999999908e+00 -9.978124453267104288e-01 -6.610842571964942183e-02 0.000000000000000000e+00 -2.011993400000000065e+01 0.000000000000000000e+00 0.000000000000000000e+00 1.000000000000000000e+00 0.000000000000000000e+00
-7.168214307902782967e-02 9.974275263715142170e-01 0.000000000000000000e+00 1.598465999999999942e+00 -9.974275263715142170e-01 -7.168214307902782967e-02 0.000000000000000000e+00 -2.025463500000000039e+01 0.000000000000000000e+00 0.000000000000000000e+00 1.000000000000000000e+00 0.000000000000000000e+00
-8.461238626426116627e-02 9.964139421398455765e-01 0.000000000000000000e+00 1.586011999999999977e+00 -9.964139421398455765e-01 -8.461238626426116627e-02 0.000000000000000000e+00 -2.039624399999999937e+01 0.000000000000000000e+00 0.000000000000000000e+00 1.000000000000000000e+00 0.000000000000000000e+00
-1.021203402916024544e-01 9.947720523309484530e-01 0.000000000000000000e+00 1.571536000000000044e+00 -9.947720523309484530e-01 -1.021203402916024544e-01 0.000000000000000000e+00 -2.051980400000000060e+01 0.000000000000000000e+00 0.000000000000000000e+00 1.000000000000000000e+00 0.000000000000000000e+00
-1.016895944331828866e-01 9.948161771825058119e-01 0.000000000000000000e+00 1.559778000000000109e+00 -9.948161771825058119e-01 -1.016895944331828866e-01 0.000000000000000000e+00 -2.065922199999999975e+01 0.000000000000000000e+00 0.000000000000000000e+00 1.000000000000000000e+00 0.000000000000000000e+00
-1.024346831562431281e-01 9.947397326369747939e-01 0.000000000000000000e+00 1.547668000000000044e+00 -9.947397326369747939e-01 -1.024346831562431281e-01 0.000000000000000000e+00 -2.079933499999999924e+01 0.000000000000000000e+00 0.000000000000000000e+00 1.000000000000000000e+00 0.000000000000000000e+00
-1.003584397606879230e-01 9.949513473375470873e-01 0.000000000000000000e+00 1.535582000000000003e+00 -9.949513473375470873e-01 -1.003584397606879230e-01 0.000000000000000000e+00 -2.093927199999999900e+01 0.000000000000000000e+00 0.000000000000000000e+00 1.000000000000000000e+00 0.000000000000000000e+00
-7.865235352170812932e-02 9.969021051665485356e-01 0.000000000000000000e+00 1.530338999999999894e+00 -9.969021051665485356e-01 -7.865235352170812932e-02 0.000000000000000000e+00 -2.106966800000000006e+01 0.000000000000000000e+00 0.000000000000000000e+00 1.000000000000000000e+00 0.000000000000000000e+00
-7.624460791892895273e-02 9.970891433383921587e-01 0.000000000000000000e+00 1.520099000000000089e+00 -9.970891433383921587e-01 -7.624460791892895273e-02 0.000000000000000000e+00 -2.124350199999999944e+01 0.000000000000000000e+00 0.000000000000000000e+00 1.000000000000000000e+00 0.000000000000000000e+00
-7.702331120759321748e-02 9.970292922129310176e-01 0.000000000000000000e+00 1.510123000000000104e+00 -9.970292922129310176e-01 -7.702331120759321748e-02 0.000000000000000000e+00 -2.139811699999999917e+01 0.000000000000000000e+00 0.000000000000000000e+00 1.000000000000000000e+00 0.000000000000000000e+00
-7.635727850510251602e-02 9.970805213318000293e-01 0.000000000000000000e+00 1.500958999999999932e+00 -9.970805213318000293e-01 -7.635727850510251602e-02 0.000000000000000000e+00 -2.153812599999999833e+01 0.000000000000000000e+00 0.000000000000000000e+00 1.000000000000000000e+00 0.000000000000000000e+00
