1.048470201446350808e-01 -9.944883621072646562e-01 0.000000000000000000e+00 5.528331547288655834e+00 9.944883621072647673e-01 1.048470201446350947e-01 0.000000000000000000e+00 -1.504534914240758070e+01 0.000000000000000000e+00 0.000000000000000000e+00 1.000000000000000000e+00 0.000000000000000000e+00
1.048470201446350808e-01 -9.944883621072646562e-01 0.000000000000000000e+00 5.528331547288655834e+00 9.944883621072647673e-01 1.048470201446350947e-01 0.000000000000000000e+00 -1.504534914240758070e+01 0.000000000000000000e+00 0.000000000000000000e+00 1.000000000000000000e+00 0.000000000000000000e+00
1.048470201446350808e-01 -9.944883621072646562e-01 0.000000000000000000e+00 5.528331547288655834e+00 9.944883621072647673e-01 1.048470201446350947e-01 0.000000000000000000e+00 -1.504534914240758070e+01 0.000000000000000000e+00 0.000000000000000000e+00 1.000000000000000000e+00 0.000000000000000000e+00
1.048470201446350808e-01 -9.944883621072646562e-01 0.000000000000000000e+00 5.528331547288655834e+00 9.944883621072647673e-01 1.048470201446350947e-01 0.000000000000000000e+00 -1.504534914240758070e+01 0.000000000000000000e+00 0.000000000000000000e+00 1.000000000000000000e+00 0.000000000000000000e+00
1.048470201446350808e-01 -9.944883621072646562e-01 0.000000000000000000e+00 5.528331547288655834e+00 9.944883621072647673e-01 1.048470201446350947e-01 0.000000000000000000e+00 -1.504534914240758070e+01 0.000000000000000000e+00 0.000000000000000000e+00 1.000000000000000000e+00 0.000000000000000000e+00
1.048470201446350808e-01 -9.944883621072646562e-01 0.000000000000000000e+00 5.528331547288655834e+00 9.944883621072647673e-01 1.048470201446350947e-01 0.000000000000000000e+00 -1.504534914240758070e+01 0.000000000000000000e+00 0.000000000000000000e+00 1.000000000000000000e+00 0.000000000000000000e+00
1.048470201446350808e-01 -9.944883621072646562e-01 0.000000000000000000e+00 5.528331547288655834e+00 9.944883621072647673e-01 1.048470201446350947e-01 0.000000000000000000e+00 -1.504534914240758070e+01 0.000000000000000000e+00 0.000000000000000000e+00 1.000000000000000000e+00 0.000000000000000000e+00
1.048470201446350808e-01 -9.944883621072646562e-01 0.000000000000000000e+00 5.528331547288655834e+00 9.944883621072647673e-01 1.048470201446350947e-01 0.000000000000000000e+00 -1.504534914240758070e+01 0.000000000000000000e+00 0.000000000000000000e+00 1.000000000000000000e+00 0.000000000000000000e+00
1.048470201446350808e-01 -9.944883621072646562e-01 0.000000000000000000e+00 5.528331547288655834e+00 9.944883621072647673e-01 1.048470201446350947e-01 0.000000000000000000e+00 -1.504534914240758070e+01 0.000000000000000000e+00 0.000000000000000000e+00 1.000000000000000000e+00 0.000000000000000000e+00
1.048470201446350808e-01 -9.944883621072646562e-01 0.000000000000000000e+00 5.528331547288655834e+00 9.944883621072647673e-01 1.048470201446350947e-01 0.000000000000000000e+00 -1.504534914240758070e+01 0.000000000000000000e+00 0.000000000000000000e+00 1.000000000000000000e+00 0.000000000000000000e+00
1.048470201446350808e-01 -9.944883621072646562e-01 0.000000000000000000e+00 5.528331547288655834e+00 9.944883621072647673e-01 1.048470201446350947e-01 0.000000000000000000e+00 -1.504534914240758070e+01 0.000000000000000000e+00 0.000000000000000000e+00 1.000000000000000000e+00 0.000000000000000000e+00
1.048470201446350808e-01 -9.944883621072646562e-01 0.000000000000000000e+00 5.528331547288655834e+00 9.944883621072647673e-01 1.048470201446350947e-01 0.000000000000000000e+00 -1.504534914240758070e+01 0.000000000000000000e+00 0.000000000000000000e+00 1.000000000000000000e+00 0.000000000000000000e+00
1.048470201446350808e-01 -9.944883621072646562e-01 0.000000000000000000e+00 5.528331547288655834e+00 9.944883621072647673e-01 1.048470201446350947e-01 0.000000000000000000e+00 -1.504534914240758070e+01 0.000000000000000000e+00 0.000000000000000000e+00 1.000000000000000000e+00 0.000000000000000000e+00
1.048470201446350808e-01 -9.944883621072646562e-01 0.000000000000000000e+00 5.528331547288655834e+00 9.944883621072647673e-01 1.048470201446350947e-01 0.000000000000000000e+00 -1.504534914240758070e+01 0.000000000000000000e+00 0.000000000000000000e+00 1.000000000000000000e+00 0.000000000000000000e+00
1.048470201446350808e-01 -9.944883621072646562e-01 0.000000000000000000e+00 5.528331547288655834e+00 9.944883621072647673e-01 1.048470201446350947e-01 0.000000000000000000e+00 -1.504534914240758070e+01 0.000000000000000000e+00 0.000000000000000000e+00 1.000000000000000000e+00 0.000000000000000000e+00
1.048470201446350808e-01 -9.944883621072646562e-01 0.000000000000000000e+00 5.528362639695274083e+00 9.944883621072647673e-01 1.048470201446350947e-01 0.000000000000000000e+00 -1.504434962589333402e+01 0.000000000000000000e+00 0.000000000000000000e+00 1.000000000000000000e+00 0.000000000000000000e+00
1.063684640154815286e-01 -9.943267822315694504e-01 0.000000000000000000e+00 5.528673563761455689e+00 9.943267822315694504e-01 1.063684640154815148e-01 0.000000000000000000e+00 -1.503435446075087256e+01 0.000000000000000000e+00 0.000000000000000000e+00 1.000000000000000000e+00 0.000000000000000000e+00
1.048470201446350808e-01 -9.944883621072646562e-01 0.000000000000000000e+00 5.531387722142164343e+00 9.944883621072647673e-01 1.048470201446350947e-01 0.000000000000000000e+00 -1.501142776573644788e+01 0.000000000000000000e+00 0.000000000000000000e+00 1.000000000000000000e+00 0.000000000000000000e+00
1.048470201446350808e-01 -9.944883621072646562e-01 0.000000000000000000e+00 5.534257342555965131e+00 9.944883621072647673e-01 1.048470201446350947e-01 0.000000000000000000e+00 -1.498350348815079514e+01 0.000000000000000000e+00 0.000000000000000000e+00 1.000000000000000000e+00 0.000000000000000000e+00
1.048470201446350808e-01 -9.944883621072646562e-01 0.000000000000000000e+00 5.536127446455518353e+00 9.944883621072647673e-01 1.048470201446350947e-01 0.000000000000000000e+00 -1.495554811815852148e+01 0.000000000000000000e+00 0.000000000000000000e+00 1.000000000000000000e+00 0.000000000000000000e+00
1.048470201446350808e-01 -9.944883621072646562e-01 0.000000000000000000e+00 5.538997066869319141e+00 9.944883621072647673e-01 1.048470201446350947e-01 0.000000000000000000e+00 -1.492762384057286518e+01 0.000000000000000000e+00 0.000000000000000000e+00 1.000000000000000000e+00 0.000000000000000000e+00
1.048470201446350808e-01 -9.944883621072646562e-01 0.000000000000000000e+00 5.541804502469883431e+00 9.944883621072647673e-01 1.048470201446350947e-01 0.000000000000000000e+00 -1.490169859601570401e+01 0.000000000000000000e+00 0.000000000000000000e+00 1.000000000000000000e+00 0.000000000000000000e+00
1.048470201446350808e-01 -9.944883621072646562e-01 0.000000000000000000e+00 5.544580845663828583e+00 9.944883621072647673e-01 1.048470201446350947e-01 0.000000000000000000e+00 -1.487677286797278775e+01 0.000000000000000000e+00 0.000000000000000000e+00 1.000000000000000000e+00 0.000000000000000000e+00
1.063684640154815286e-01 -9.943267822315694504e-01 0.000000000000000000e+00 5.546388764750147082e+00 9.943267822315694504e-01 1.063684640154815148e-01 0.000000000000000000e+00 -1.485081653100900745e+01 0.000000000000000000e+00 0.000000000000000000e+00 1.000000000000000000e+00 0.000000000000000000e+00
1.063684640154815286e-01 -9.943267822315694504e-01 0.000000000000000000e+00 5.549227292757328733e+00 9.943267822315694504e-01 1.063684640154815148e-01 0.000000000000000000e+00 -1.482389176993759783e+01 0.000000000000000000e+00 0.000000000000000000e+00 1.000000000000000000e+00 0.000000000000000000e+00
1.063684640154815286e-01 -9.943267822315694504e-01 0.000000000000000000e+00 5.552096913171128634e+00 9.943267822315694504e-01 1.063684640154815148e-01 0.000000000000000000e+00 -1.479596749235194331e+01 0.000000000000000000e+00 0.000000000000000000e+00 1.000000000000000000e+00 0.000000000000000000e+00
1.048470201446350808e-01 -9.944883621072646562e-01 0.000000000000000000e+00 5.553967017070682743e+00 9.944883621072647673e-01 1.048470201446350947e-01 0.000000000000000000e+00 -1.476801212235967142e+01 0.000000000000000000e+00 0.000000000000000000e+00 1.000000000000000000e+00 0.000000000000000000e+00
1.063684640154815286e-01 -9.943267822315694504e-01 0.000000000000000000e+00 5.556774452671246145e+00 9.943267822315694504e-01 1.063684640154815148e-01 0.000000000000000000e+00 -1.474208687780250848e+01 0.000000000000000000e+00 0.000000000000000000e+00 1.000000000000000000e+00 0.000000000000000000e+00
1.063684640154815286e-01 -9.943267822315694504e-01 0.000000000000000000e+00 5.559612980678427796e+00 9.943267822315694504e-01 1.063684640154815148e-01 0.000000000000000000e+00 -1.471516211673109886e+01 0.000000000000000000e+00 0.000000000000000000e+00 1.000000000000000000e+00 0.000000000000000000e+00
1.048470201446350808e-01 -9.944883621072646562e-01 0.000000000000000000e+00 5.562420416278992086e+00 9.944883621072647673e-01 1.048470201446350947e-01 0.000000000000000000e+00 -1.468923687217393770e+01 0.000000000000000000e+00 0.000000000000000000e+00 1.000000000000000000e+00 0.000000000000000000e+00
1.048470201446350808e-01 -9.944883621072646562e-01 0.000000000000000000e+00 5.564259427771927946e+00 9.944883621072647673e-01 1.048470201446350947e-01 0.000000000000000000e+00 -1.466228101869591072e+01 0.000000000000000000e+00 0.000000000000000000e+00 1.000000000000000000e+00 0.000000000000000000e+00
1.063684640154815286e-01 -9.943267822315694504e-01 0.000000000000000000e+00 5.567097955779109597e+00 9.943267822315694504e-01 1.063684640154815148e-01 0.000000000000000000e+00 -1.463535625762450287e+01 0.000000000000000000e+00 0.000000000000000000e+00 1.000000000000000000e+00 0.000000000000000000e+00
1.063684640154815286e-01 -9.943267822315694504e-01 0.000000000000000000e+00 5.569874298973055637e+00 9.943267822315694504e-01 1.063684640154815148e-01 0.000000000000000000e+00 -1.461043052958158661e+01 0.000000000000000000e+00 0.000000000000000000e+00 1.000000000000000000e+00 0.000000000000000000e+00
1.048470201446350808e-01 -9.944883621072646562e-01 0.000000000000000000e+00 5.571651125652754999e+00 9.944883621072647673e-01 1.048470201446350947e-01 0.000000000000000000e+00 -1.458547370913204944e+01 0.000000000000000000e+00 0.000000000000000000e+00 1.000000000000000000e+00 0.000000000000000000e+00
1.048470201446350808e-01 -9.944883621072646562e-01 0.000000000000000000e+00 5.574458561253319289e+00 9.944883621072647673e-01 1.048470201446350947e-01 0.000000000000000000e+00 -1.455954846457488827e+01 0.000000000000000000e+00 0.000000000000000000e+00 1.000000000000000000e+00 0.000000000000000000e+00
1.048470201446350808e-01 -9.944883621072646562e-01 0.000000000000000000e+00 5.577234904447264441e+00 9.944883621072647673e-01 1.048470201446350947e-01 0.000000000000000000e+00 -1.453462273653197201e+01 0.000000000000000000e+00 0.000000000000000000e+00 1.000000000000000000e+00 0.000000000000000000e+00
1.048470201446350808e-01 -9.944883621072646562e-01 0.000000000000000000e+00 5.579042823533582052e+00 9.944883621072647673e-01 1.048470201446350947e-01 0.000000000000000000e+00 -1.450866639956818993e+01 0.000000000000000000e+00 0.000000000000000000e+00 1.000000000000000000e+00 0.000000000000000000e+00
1.048470201446350808e-01 -9.944883621072646562e-01 0.000000000000000000e+00 5.581850259134146341e+00 9.944883621072647673e-01 1.048470201446350947e-01 0.000000000000000000e+00 -1.448274115501102877e+01 0.000000000000000000e+00 0.000000000000000000e+00 1.000000000000000000e+00 0.000000000000000000e+00
1.063684640154815286e-01 -9.943267822315694504e-01 0.000000000000000000e+00 5.583658178220463952e+00 9.943267822315694504e-01 1.063684640154815148e-01 0.000000000000000000e+00 -1.445678481804724669e+01 0.000000000000000000e+00 0.000000000000000000e+00 1.000000000000000000e+00 0.000000000000000000e+00
1.048470201446350808e-01 -9.944883621072646562e-01 0.000000000000000000e+00 5.586465613821028242e+00 9.944883621072647673e-01 1.048470201446350947e-01 0.000000000000000000e+00 -1.443085957349008375e+01 0.000000000000000000e+00 0.000000000000000000e+00 1.000000000000000000e+00 0.000000000000000000e+00
1.048470201446350808e-01 -9.944883621072646562e-01 0.000000000000000000e+00 5.589304141828209893e+00 9.944883621072647673e-01 1.048470201446350947e-01 0.000000000000000000e+00 -1.440393481241867590e+01 0.000000000000000000e+00 0.000000000000000000e+00 1.000000000000000000e+00 0.000000000000000000e+00
1.063684640154815286e-01 -9.943267822315694504e-01 0.000000000000000000e+00 5.592111577428773295e+00 9.943267822315694504e-01 1.063684640154815148e-01 0.000000000000000000e+00 -1.437800956786151296e+01 0.000000000000000000e+00 0.000000000000000000e+00 1.000000000000000000e+00 0.000000000000000000e+00
1.048470201446350808e-01 -9.944883621072646562e-01 0.000000000000000000e+00 5.593919496515091794e+00 9.944883621072647673e-01 1.048470201446350947e-01 0.000000000000000000e+00 -1.435205323089773266e+01 0.000000000000000000e+00 0.000000000000000000e+00 1.000000000000000000e+00 0.000000000000000000e+00
1.048470201446350808e-01 -9.944883621072646562e-01 0.000000000000000000e+00 5.596758024522273445e+00 9.944883621072647673e-01 1.048470201446350947e-01 0.000000000000000000e+00 -1.432512846982632482e+01 0.000000000000000000e+00 0.000000000000000000e+00 1.000000000000000000e+00 0.000000000000000000e+00
1.063684640154815286e-01 -9.943267822315694504e-01 0.000000000000000000e+00 5.599565460122836846e+00 9.943267822315694504e-01 1.063684640154815148e-01 0.000000000000000000e+00 -1.429920322526916188e+01 0.000000000000000000e+00 0.000000000000000000e+00 1.000000000000000000e+00 0.000000000000000000e+00
1.048470201446350808e-01 -9.944883621072646562e-01 0.000000000000000000e+00 5.601404471615772707e+00 9.944883621072647673e-01 1.048470201446350947e-01 0.000000000000000000e+00 -1.427224737179113490e+01 0.000000000000000000e+00 0.000000000000000000e+00 1.000000000000000000e+00 0.000000000000000000e+00
1.063684640154815286e-01 -9.943267822315694504e-01 0.000000000000000000e+00 5.604211907216336996e+00 9.943267822315694504e-01 1.063684640154815148e-01 0.000000000000000000e+00 -1.424632212723397373e+01 0.000000000000000000e+00 0.000000000000000000e+00 1.000000000000000000e+00 0.000000000000000000e+00
1.063684640154815286e-01 -9.943267822315694504e-01 0.000000000000000000e+00 5.607050435223518647e+00 9.943267822315694504e-01 1.063684640154815148e-01 0.000000000000000000e+00 -1.421939736616256411e+01 0.000000000000000000e+00 0.000000000000000000e+00 1.000000000000000000e+00 0.000000000000000000e+00
1.063684640154815286e-01 -9.943267822315694504e-01 0.000000000000000000e+00 5.608889446716454508e+00 9.943267822315694504e-01 1.063684640154815148e-01 0.000000000000000000e+00 -1.419244151268453713e+01 0.000000000000000000e+00 0.000000000000000000e+00 1.000000000000000000e+00 0.000000000000000000e+00
1.048470201446350808e-01 -9.944883621072646562e-01 0.000000000000000000e+00 5.611665789910400548e+00 9.944883621072647673e-01 1.048470201446350947e-01 0.000000000000000000e+00 -1.416751578464162087e+01 0.000000000000000000e+00 0.000000000000000000e+00 1.000000000000000000e+00 0.000000000000000000e+00
1.063684640154815286e-01 -9.943267822315694504e-01 0.000000000000000000e+00 5.614442133104345700e+00 9.943267822315694504e-01 1.063684640154815148e-01 0.000000000000000000e+00 -1.414259005659870461e+01 0.000000000000000000e+00 0.000000000000000000e+00 1.000000000000000000e+00 0.000000000000000000e+00
1.063684640154815286e-01 -9.943267822315694504e-01 0.000000000000000000e+00 5.616218959784045062e+00 9.943267822315694504e-01 1.063684640154815148e-01 0.000000000000000000e+00 -1.411763323614916921e+01 0.000000000000000000e+00 0.000000000000000000e+00 1.000000000000000000e+00 0.000000000000000000e+00
1.048470201446350808e-01 -9.944883621072646562e-01 0.000000000000000000e+00 5.618995302977991102e+00 9.944883621072647673e-01 1.048470201446350947e-01 0.000000000000000000e+00 -1.409270750810625294e+01 0.000000000000000000e+00 0.000000000000000000e+00 1.000000000000000000e+00 0.000000000000000000e+00
1.048470201446350808e-01 -9.944883621072646562e-01 0.000000000000000000e+00 5.620772129657690463e+00 9.944883621072647673e-01 1.048470201446350947e-01 0.000000000000000000e+00 -1.406775068765671755e+01 0.000000000000000000e+00 0.000000000000000000e+00 1.000000000000000000e+00 0.000000000000000000e+00
1.048470201446350808e-01 -9.944883621072646562e-01 0.000000000000000000e+00 5.623548472851636504e+00 9.944883621072647673e-01 1.048470201446350947e-01 0.000000000000000000e+00 -1.404282495961380128e+01 0.000000000000000000e+00 0.000000000000000000e+00 1.000000000000000000e+00 0.000000000000000000e+00
1.048470201446350808e-01 -9.944883621072646562e-01 0.000000000000000000e+00 5.626293723638963407e+00 9.944883621072647673e-01 1.048470201446350947e-01 0.000000000000000000e+00 -1.401889874808513170e+01 0.000000000000000000e+00 0.000000000000000000e+00 1.000000000000000000e+00 0.000000000000000000e+00
1.048470201446350808e-01 -9.944883621072646562e-01 0.000000000000000000e+00 5.628070550318663656e+00 9.944883621072647673e-01 1.048470201446350947e-01 0.000000000000000000e+00 -1.399394192763559808e+01 0.000000000000000000e+00 0.000000000000000000e+00 1.000000000000000000e+00 0.000000000000000000e+00
1.063684640154815286e-01 -9.943267822315694504e-01 0.000000000000000000e+00 5.630846893512608808e+00 9.943267822315694504e-01 1.063684640154815148e-01 0.000000000000000000e+00 -1.396901619959267826e+01 0.000000000000000000e+00 0.000000000000000000e+00 1.000000000000000000e+00 0.000000000000000000e+00
1.048470201446350808e-01 -9.944883621072646562e-01 0.000000000000000000e+00 5.632623720192309058e+00 9.944883621072647673e-01 1.048470201446350947e-01 0.000000000000000000e+00 -1.394405937914314464e+01 0.000000000000000000e+00 0.000000000000000000e+00 1.000000000000000000e+00 0.000000000000000000e+00
1.048470201446350808e-01 -9.944883621072646562e-01 0.000000000000000000e+00 5.635400063386254210e+00 9.944883621072647673e-01 1.048470201446350947e-01 0.000000000000000000e+00 -1.391913365110023015e+01 0.000000000000000000e+00 0.000000000000000000e+00 1.000000000000000000e+00 0.000000000000000000e+00
1.002812301283903113e-01 -9.949591322682235228e-01 0.000000000000000000e+00 5.637114705252717961e+00 9.949591322682235228e-01 1.002812301283903113e-01 0.000000000000000000e+00 -1.389617586367918634e+01 0.000000000000000000e+00 0.000000000000000000e+00 1.000000000000000000e+00 0.000000000000000000e+00
9.723619042672874968e-02 -9.952613341586703521e-01 0.000000000000000000e+00 5.639797771226809253e+00 9.952613341586703521e-01 9.723619042672874968e-02 0.000000000000000000e+00 -1.387424868517901011e+01 0.000000000000000000e+00 0.000000000000000000e+00 1.000000000000000000e+00 0.000000000000000000e+00
9.114340813893641313e-02 -9.958377775284581457e-01 0.000000000000000000e+00 5.641481320686654755e+00 9.958377775284581457e-01 9.114340813893641313e-02 0.000000000000000000e+00 -1.385229041427221475e+01 0.000000000000000000e+00 0.000000000000000000e+00 1.000000000000000000e+00 0.000000000000000000e+00
8.352265649398399328e-02 -9.965058784835076899e-01 0.000000000000000000e+00 5.643133777739881118e+00 9.965058784835078010e-01 8.352265649398399328e-02 0.000000000000000000e+00 -1.383133165987966251e+01 0.000000000000000000e+00 0.000000000000000000e+00 1.000000000000000000e+00 0.000000000000000000e+00
7.742251444037195895e-02 -9.969983722442730123e-01 0.000000000000000000e+00 5.644817327199726620e+00 9.969983722442730123e-01 7.742251444037194508e-02 0.000000000000000000e+00 -1.380937338897286537e+01 0.000000000000000000e+00 0.000000000000000000e+00 1.000000000000000000e+00 0.000000000000000000e+00
7.284549240865799413e-02 -9.973432379255097180e-01 0.000000000000000000e+00 5.645501360145325442e+00 9.973432379255096070e-01 7.284549240865799413e-02 0.000000000000000000e+00 -1.378738402565945087e+01 0.000000000000000000e+00 0.000000000000000000e+00 1.000000000000000000e+00 0.000000000000000000e+00
6.979328582099024458e-02 -9.975614754261058481e-01 0.000000000000000000e+00 5.647216002011789193e+00 9.975614754261058481e-01 6.979328582099024458e-02 0.000000000000000000e+00 -1.376442623823840883e+01 0.000000000000000000e+00 0.000000000000000000e+00 1.000000000000000000e+00 0.000000000000000000e+00
6.979328582099024458e-02 -9.975614754261058481e-01 0.000000000000000000e+00 5.648992828691488555e+00 9.975614754261058481e-01 6.979328582099024458e-02 0.000000000000000000e+00 -1.373946941778887521e+01 0.000000000000000000e+00 0.000000000000000000e+00 1.000000000000000000e+00 0.000000000000000000e+00
6.979328582099024458e-02 -9.975614754261058481e-01 0.000000000000000000e+00 5.649801231263559487e+00 9.975614754261058481e-01 6.979328582099024458e-02 0.000000000000000000e+00 -1.371348198841847577e+01 0.000000000000000000e+00 0.000000000000000000e+00 1.000000000000000000e+00 0.000000000000000000e+00
6.826693566351992037e-02 -9.976670915165601894e-01 0.000000000000000000e+00 5.651609150349877986e+00 9.976670915165601894e-01 6.826693566351992037e-02 0.000000000000000000e+00 -1.368752565145469546e+01 0.000000000000000000e+00 0.000000000000000000e+00 1.000000000000000000e+00 0.000000000000000000e+00
6.979328582099024458e-02 -9.975614754261058481e-01 0.000000000000000000e+00 5.653417069436194708e+00 9.975614754261058481e-01 6.979328582099024458e-02 0.000000000000000000e+00 -1.366156931449091338e+01 0.000000000000000000e+00 0.000000000000000000e+00 1.000000000000000000e+00 0.000000000000000000e+00
6.979328582099024458e-02 -9.975614754261058481e-01 0.000000000000000000e+00 5.655256080929131457e+00 9.975614754261058481e-01 6.979328582099024458e-02 0.000000000000000000e+00 -1.363461346101288996e+01 0.000000000000000000e+00 0.000000000000000000e+00 1.000000000000000000e+00 0.000000000000000000e+00
6.826693566351992037e-02 -9.976670915165601894e-01 0.000000000000000000e+00 5.656064483501203277e+00 9.976670915165601894e-01 6.826693566351992037e-02 0.000000000000000000e+00 -1.360862603164249052e+01 0.000000000000000000e+00 0.000000000000000000e+00 1.000000000000000000e+00 0.000000000000000000e+00
6.979328582099024458e-02 -9.975614754261058481e-01 0.000000000000000000e+00 5.657903494994139137e+00 9.975614754261058481e-01 6.979328582099024458e-02 0.000000000000000000e+00 -1.358167017816446176e+01 0.000000000000000000e+00 0.000000000000000000e+00 1.000000000000000000e+00 0.000000000000000000e+00
6.979328582099024458e-02 -9.975614754261058481e-01 0.000000000000000000e+00 5.659711414080455860e+00 9.975614754261058481e-01 6.979328582099024458e-02 0.000000000000000000e+00 -1.355571384120067968e+01 0.000000000000000000e+00 0.000000000000000000e+00 1.000000000000000000e+00 0.000000000000000000e+00
6.979328582099024458e-02 -9.975614754261058481e-01 0.000000000000000000e+00 5.661550425573392609e+00 9.975614754261058481e-01 6.979328582099024458e-02 0.000000000000000000e+00 -1.352875798772265625e+01 0.000000000000000000e+00 0.000000000000000000e+00 1.000000000000000000e+00 0.000000000000000000e+00
6.979328582099024458e-02 -9.975614754261058481e-01 0.000000000000000000e+00 5.662327735738846179e+00 9.975614754261058481e-01 6.979328582099024458e-02 0.000000000000000000e+00 -1.350377007486650172e+01 0.000000000000000000e+00 0.000000000000000000e+00 1.000000000000000000e+00 0.000000000000000000e+00
6.826693566351992037e-02 -9.976670915165601894e-01 0.000000000000000000e+00 5.664135654825163790e+00 9.976670915165601894e-01 6.826693566351992037e-02 0.000000000000000000e+00 -1.347781373790272141e+01 0.000000000000000000e+00 0.000000000000000000e+00 1.000000000000000000e+00 0.000000000000000000e+00
6.979328582099024458e-02 -9.975614754261058481e-01 0.000000000000000000e+00 5.665943573911481401e+00 9.975614754261058481e-01 6.979328582099024458e-02 0.000000000000000000e+00 -1.345185740093894111e+01 0.000000000000000000e+00 0.000000000000000000e+00 1.000000000000000000e+00 0.000000000000000000e+00
6.979328582099024458e-02 -9.975614754261058481e-01 0.000000000000000000e+00 5.667751492997799012e+00 9.975614754261058481e-01 6.979328582099024458e-02 0.000000000000000000e+00 -1.342590106397516081e+01 0.000000000000000000e+00 0.000000000000000000e+00 1.000000000000000000e+00 0.000000000000000000e+00
6.979328582099024458e-02 -9.975614754261058481e-01 0.000000000000000000e+00 5.668559895569870832e+00 9.975614754261058481e-01 6.979328582099024458e-02 0.000000000000000000e+00 -1.339991363460475959e+01 0.000000000000000000e+00 0.000000000000000000e+00 1.000000000000000000e+00 0.000000000000000000e+00
6.979328582099024458e-02 -9.975614754261058481e-01 0.000000000000000000e+00 5.670336722249569306e+00 9.975614754261058481e-01 6.979328582099024458e-02 0.000000000000000000e+00 -1.337495681415522775e+01 0.000000000000000000e+00 0.000000000000000000e+00 1.000000000000000000e+00 0.000000000000000000e+00
6.979328582099024458e-02 -9.975614754261058481e-01 0.000000000000000000e+00 5.672144641335887805e+00 9.975614754261058481e-01 6.979328582099024458e-02 0.000000000000000000e+00 -1.334900047719144744e+01 0.000000000000000000e+00 0.000000000000000000e+00 1.000000000000000000e+00 0.000000000000000000e+00
6.979328582099024458e-02 -9.975614754261058481e-01 0.000000000000000000e+00 5.673952560422206304e+00 9.975614754261058481e-01 6.979328582099024458e-02 0.000000000000000000e+00 -1.332304414022766537e+01 0.000000000000000000e+00 0.000000000000000000e+00 1.000000000000000000e+00 0.000000000000000000e+00
6.979328582099024458e-02 -9.975614754261058481e-01 0.000000000000000000e+00 5.674760962994277236e+00 9.975614754261058481e-01 6.979328582099024458e-02 0.000000000000000000e+00 -1.329705671085726593e+01 0.000000000000000000e+00 0.000000000000000000e+00 1.000000000000000000e+00 0.000000000000000000e+00
6.979328582099024458e-02 -9.975614754261058481e-01 0.000000000000000000e+00 5.676568882080594847e+00 9.975614754261058481e-01 6.979328582099024458e-02 0.000000000000000000e+00 -1.327110037389348562e+01 0.000000000000000000e+00 0.000000000000000000e+00 1.000000000000000000e+00 0.000000000000000000e+00
6.979328582099024458e-02 -9.975614754261058481e-01 0.000000000000000000e+00 5.678376801166912458e+00 9.975614754261058481e-01 6.979328582099024458e-02 0.000000000000000000e+00 -1.324514403692970355e+01 0.000000000000000000e+00 0.000000000000000000e+00 1.000000000000000000e+00 0.000000000000000000e+00
6.979328582099024458e-02 -9.975614754261058481e-01 0.000000000000000000e+00 5.679154111332366028e+00 9.975614754261058481e-01 6.979328582099024458e-02 0.000000000000000000e+00 -1.322015612407355079e+01 0.000000000000000000e+00 0.000000000000000000e+00 1.000000000000000000e+00 0.000000000000000000e+00
6.979328582099024458e-02 -9.975614754261058481e-01 0.000000000000000000e+00 5.680962030418683639e+00 9.975614754261058481e-01 6.979328582099024458e-02 0.000000000000000000e+00 -1.319419978710977226e+01 0.000000000000000000e+00 0.000000000000000000e+00 1.000000000000000000e+00 0.000000000000000000e+00
6.979328582099024458e-02 -9.975614754261058481e-01 0.000000000000000000e+00 5.682769949505001250e+00 9.975614754261058481e-01 6.979328582099024458e-02 0.000000000000000000e+00 -1.316824345014599018e+01 0.000000000000000000e+00 0.000000000000000000e+00 1.000000000000000000e+00 0.000000000000000000e+00
6.979328582099024458e-02 -9.975614754261058481e-01 0.000000000000000000e+00 5.684577868591319749e+00 9.975614754261058481e-01 6.979328582099024458e-02 0.000000000000000000e+00 -1.314228711318221166e+01 0.000000000000000000e+00 0.000000000000000000e+00 1.000000000000000000e+00 0.000000000000000000e+00
6.979328582099024458e-02 -9.975614754261058481e-01 0.000000000000000000e+00 5.685386271163390681e+00 9.975614754261058481e-01 6.979328582099024458e-02 0.000000000000000000e+00 -1.311629968381181222e+01 0.000000000000000000e+00 0.000000000000000000e+00 1.000000000000000000e+00 0.000000000000000000e+00
6.979328582099024458e-02 -9.975614754261058481e-01 0.000000000000000000e+00 5.687194190249708292e+00 9.975614754261058481e-01 6.979328582099024458e-02 0.000000000000000000e+00 -1.309034334684803014e+01 0.000000000000000000e+00 0.000000000000000000e+00 1.000000000000000000e+00 0.000000000000000000e+00
6.979328582099024458e-02 -9.975614754261058481e-01 0.000000000000000000e+00 5.688971016929408542e+00 9.975614754261058481e-01 6.979328582099024458e-02 0.000000000000000000e+00 -1.306538652639849651e+01 0.000000000000000000e+00 0.000000000000000000e+00 1.000000000000000000e+00 0.000000000000000000e+00
6.979328582099024458e-02 -9.975614754261058481e-01 0.000000000000000000e+00 5.690778936015726153e+00 9.975614754261058481e-01 6.979328582099024458e-02 0.000000000000000000e+00 -1.303943018943471621e+01 0.000000000000000000e+00 0.000000000000000000e+00 1.000000000000000000e+00 0.000000000000000000e+00
6.979328582099024458e-02 -9.975614754261058481e-01 0.000000000000000000e+00 5.691587338587797973e+00 9.975614754261058481e-01 6.979328582099024458e-02 0.000000000000000000e+00 -1.301344276006431677e+01 0.000000000000000000e+00 0.000000000000000000e+00 1.000000000000000000e+00 0.000000000000000000e+00
6.979328582099024458e-02 -9.975614754261058481e-01 0.000000000000000000e+00 5.693395257674114696e+00 9.975614754261058481e-01 6.979328582099024458e-02 0.000000000000000000e+00 -1.298748642310053647e+01 0.000000000000000000e+00 0.000000000000000000e+00 1.000000000000000000e+00 0.000000000000000000e+00
6.979328582099024458e-02 -9.975614754261058481e-01 0.000000000000000000e+00 5.695203176760433195e+00 9.975614754261058481e-01 6.979328582099024458e-02 0.000000000000000000e+00 -1.296153008613675439e+01 0.000000000000000000e+00 0.000000000000000000e+00 1.000000000000000000e+00 0.000000000000000000e+00
6.979328582099024458e-02 -9.975614754261058481e-01 0.000000000000000000e+00 5.697011095846749917e+00 9.975614754261058481e-01 6.979328582099024458e-02 0.000000000000000000e+00 -1.293557374917297409e+01 0.000000000000000000e+00 0.000000000000000000e+00 1.000000000000000000e+00 0.000000000000000000e+00
6.979328582099024458e-02 -9.975614754261058481e-01 0.000000000000000000e+00 5.697788406012203488e+00 9.975614754261058481e-01 6.979328582099024458e-02 0.000000000000000000e+00 -1.291058583631682133e+01 0.000000000000000000e+00 0.000000000000000000e+00 1.000000000000000000e+00 0.000000000000000000e+00
6.826693566351992037e-02 -9.976670915165601894e-01 0.000000000000000000e+00 5.699596325098521987e+00 9.976670915165601894e-01 6.826693566351992037e-02 0.000000000000000000e+00 -1.288462949935304103e+01 0.000000000000000000e+00 0.000000000000000000e+00 1.000000000000000000e+00 0.000000000000000000e+00
6.979328582099024458e-02 -9.975614754261058481e-01 0.000000000000000000e+00 5.701404244184839598e+00 9.975614754261058481e-01 6.979328582099024458e-02 0.000000000000000000e+00 -1.285867316238925895e+01 0.000000000000000000e+00 0.000000000000000000e+00 1.000000000000000000e+00 0.000000000000000000e+00
6.979328582099024458e-02 -9.975614754261058481e-01 0.000000000000000000e+00 5.702212646756911418e+00 9.975614754261058481e-01 6.979328582099024458e-02 0.000000000000000000e+00 -1.283268573301886128e+01 0.000000000000000000e+00 0.000000000000000000e+00 1.000000000000000000e+00 0.000000000000000000e+00
6.979328582099024458e-02 -9.975614754261058481e-01 0.000000000000000000e+00 5.704020565843228141e+00 9.975614754261058481e-01 6.979328582099024458e-02 0.000000000000000000e+00 -1.280672939605508098e+01 0.000000000000000000e+00 0.000000000000000000e+00 1.000000000000000000e+00 0.000000000000000000e+00
6.979328582099024458e-02 -9.975614754261058481e-01 0.000000000000000000e+00 5.705828484929546640e+00 9.975614754261058481e-01 6.979328582099024458e-02 0.000000000000000000e+00 -1.278077305909130068e+01 0.000000000000000000e+00 0.000000000000000000e+00 1.000000000000000000e+00 0.000000000000000000e+00
6.979328582099024458e-02 -9.975614754261058481e-01 0.000000000000000000e+00 5.707636404015864251e+00 9.975614754261058481e-01 6.979328582099024458e-02 0.000000000000000000e+00 -1.275481672212752038e+01 0.000000000000000000e+00 0.000000000000000000e+00 1.000000000000000000e+00 0.000000000000000000e+00
6.979328582099024458e-02 -9.975614754261058481e-01 0.000000000000000000e+00 5.708475898994554321e+00 9.975614754261058481e-01 6.979328582099024458e-02 0.000000000000000000e+00 -1.272782977624287426e+01 0.000000000000000000e+00 0.000000000000000000e+00 1.000000000000000000e+00 0.000000000000000000e+00
6.979328582099024458e-02 -9.975614754261058481e-01 0.000000000000000000e+00 5.710283818080871931e+00 9.975614754261058481e-01 6.979328582099024458e-02 0.000000000000000000e+00 -1.270187343927909396e+01 0.000000000000000000e+00 0.000000000000000000e+00 1.000000000000000000e+00 0.000000000000000000e+00
6.979328582099024458e-02 -9.975614754261058481e-01 0.000000000000000000e+00 5.712091737167189542e+00 9.975614754261058481e-01 6.979328582099024458e-02 0.000000000000000000e+00 -1.267591710231531188e+01 0.000000000000000000e+00 0.000000000000000000e+00 1.000000000000000000e+00 0.000000000000000000e+00
6.979328582099024458e-02 -9.975614754261058481e-01 0.000000000000000000e+00 5.713899656253507153e+00 9.975614754261058481e-01 6.979328582099024458e-02 0.000000000000000000e+00 -1.264996076535153335e+01 0.000000000000000000e+00 0.000000000000000000e+00 1.000000000000000000e+00 0.000000000000000000e+00
6.979328582099024458e-02 -9.975614754261058481e-01 0.000000000000000000e+00 5.714708058825578085e+00 9.975614754261058481e-01 6.979328582099024458e-02 0.000000000000000000e+00 -1.262397333598113391e+01 0.000000000000000000e+00 0.000000000000000000e+00 1.000000000000000000e+00 0.000000000000000000e+00
6.979328582099024458e-02 -9.975614754261058481e-01 0.000000000000000000e+00 5.716515977911896584e+00 9.975614754261058481e-01 6.979328582099024458e-02 0.000000000000000000e+00 -1.259801699901735184e+01 0.000000000000000000e+00 0.000000000000000000e+00 1.000000000000000000e+00 0.000000000000000000e+00
6.979328582099024458e-02 -9.975614754261058481e-01 0.000000000000000000e+00 5.718323896998214195e+00 9.975614754261058481e-01 6.979328582099024458e-02 0.000000000000000000e+00 -1.257206066205357331e+01 0.000000000000000000e+00 0.000000000000000000e+00 1.000000000000000000e+00 0.000000000000000000e+00
6.979328582099024458e-02 -9.975614754261058481e-01 0.000000000000000000e+00 5.720100723677913557e+00 9.975614754261058481e-01 6.979328582099024458e-02 0.000000000000000000e+00 -1.254710384160403791e+01 0.000000000000000000e+00 0.000000000000000000e+00 1.000000000000000000e+00 0.000000000000000000e+00
6.979328582099024458e-02 -9.975614754261058481e-01 0.000000000000000000e+00 5.720909126249985377e+00 9.975614754261058481e-01 6.979328582099024458e-02 0.000000000000000000e+00 -1.252111641223363847e+01 0.000000000000000000e+00 0.000000000000000000e+00 1.000000000000000000e+00 0.000000000000000000e+00
6.979328582099024458e-02 -9.975614754261058481e-01 0.000000000000000000e+00 5.722717045336302988e+00 9.975614754261058481e-01 6.979328582099024458e-02 0.000000000000000000e+00 -1.249516007526985995e+01 0.000000000000000000e+00 0.000000000000000000e+00 1.000000000000000000e+00 0.000000000000000000e+00
6.979328582099024458e-02 -9.975614754261058481e-01 0.000000000000000000e+00 5.724524964422621487e+00 9.975614754261058481e-01 6.979328582099024458e-02 0.000000000000000000e+00 -1.246920373830607787e+01 0.000000000000000000e+00 0.000000000000000000e+00 1.000000000000000000e+00 0.000000000000000000e+00
6.979328582099024458e-02 -9.975614754261058481e-01 0.000000000000000000e+00 5.726332883508938210e+00 9.975614754261058481e-01 6.979328582099024458e-02 0.000000000000000000e+00 -1.244324740134229756e+01 0.000000000000000000e+00 0.000000000000000000e+00 1.000000000000000000e+00 0.000000000000000000e+00
6.979328582099024458e-02 -9.975614754261058481e-01 0.000000000000000000e+00 5.727141286081010030e+00 9.975614754261058481e-01 6.979328582099024458e-02 0.000000000000000000e+00 -1.241725997197189635e+01 0.000000000000000000e+00 0.000000000000000000e+00 1.000000000000000000e+00 0.000000000000000000e+00
6.979328582099024458e-02 -9.975614754261058481e-01 0.000000000000000000e+00 5.728918112760709391e+00 9.975614754261058481e-01 6.979328582099024458e-02 0.000000000000000000e+00 -1.239230315152236450e+01 0.000000000000000000e+00 0.000000000000000000e+00 1.000000000000000000e+00 0.000000000000000000e+00
6.979328582099024458e-02 -9.975614754261058481e-01 0.000000000000000000e+00 5.730726031847027002e+00 9.975614754261058481e-01 6.979328582099024458e-02 0.000000000000000000e+00 -1.236634681455858242e+01 0.000000000000000000e+00 0.000000000000000000e+00 1.000000000000000000e+00 0.000000000000000000e+00
6.979328582099024458e-02 -9.975614754261058481e-01 0.000000000000000000e+00 5.732533950933345501e+00 9.975614754261058481e-01 6.979328582099024458e-02 0.000000000000000000e+00 -1.234039047759480212e+01 0.000000000000000000e+00 0.000000000000000000e+00 1.000000000000000000e+00 0.000000000000000000e+00
6.979328582099024458e-02 -9.975614754261058481e-01 0.000000000000000000e+00 5.733342353505416433e+00 9.975614754261058481e-01 6.979328582099024458e-02 0.000000000000000000e+00 -1.231440304822440268e+01 0.000000000000000000e+00 0.000000000000000000e+00 1.000000000000000000e+00 0.000000000000000000e+00
6.826693566351992037e-02 -9.976670915165601894e-01 0.000000000000000000e+00 5.735150272591734932e+00 9.976670915165601894e-01 6.826693566351992037e-02 0.000000000000000000e+00 -1.228844671126062238e+01 0.000000000000000000e+00 0.000000000000000000e+00 1.000000000000000000e+00 0.000000000000000000e+00
6.979328582099024458e-02 -9.975614754261058481e-01 0.000000000000000000e+00 5.736958191678051655e+00 9.975614754261058481e-01 6.979328582099024458e-02 0.000000000000000000e+00 -1.226249037429684208e+01 0.000000000000000000e+00 0.000000000000000000e+00 1.000000000000000000e+00 0.000000000000000000e+00
6.979328582099024458e-02 -9.975614754261058481e-01 0.000000000000000000e+00 5.737735501843505226e+00 9.975614754261058481e-01 6.979328582099024458e-02 0.000000000000000000e+00 -1.223750246144068932e+01 0.000000000000000000e+00 0.000000000000000000e+00 1.000000000000000000e+00 0.000000000000000000e+00
6.979328582099024458e-02 -9.975614754261058481e-01 0.000000000000000000e+00 5.739543420929823725e+00 9.975614754261058481e-01 6.979328582099024458e-02 0.000000000000000000e+00 -1.221154612447690724e+01 0.000000000000000000e+00 0.000000000000000000e+00 1.000000000000000000e+00 0.000000000000000000e+00
6.979328582099024458e-02 -9.975614754261058481e-01 0.000000000000000000e+00 5.741351340016141336e+00 9.975614754261058481e-01 6.979328582099024458e-02 0.000000000000000000e+00 -1.218558978751312871e+01 0.000000000000000000e+00 0.000000000000000000e+00 1.000000000000000000e+00 0.000000000000000000e+00
6.826693566351992037e-02 -9.976670915165601894e-01 0.000000000000000000e+00 5.743159259102458947e+00 9.976670915165601894e-01 6.826693566351992037e-02 0.000000000000000000e+00 -1.215963345054934663e+01 0.000000000000000000e+00 0.000000000000000000e+00 1.000000000000000000e+00 0.000000000000000000e+00
6.979328582099024458e-02 -9.975614754261058481e-01 0.000000000000000000e+00 5.743967661674529879e+00 9.975614754261058481e-01 6.979328582099024458e-02 0.000000000000000000e+00 -1.213364602117894897e+01 0.000000000000000000e+00 0.000000000000000000e+00 1.000000000000000000e+00 0.000000000000000000e+00
6.979328582099024458e-02 -9.975614754261058481e-01 0.000000000000000000e+00 5.745775580760848378e+00 9.975614754261058481e-01 6.979328582099024458e-02 0.000000000000000000e+00 -1.210768968421516689e+01 0.000000000000000000e+00 0.000000000000000000e+00 1.000000000000000000e+00 0.000000000000000000e+00
6.979328582099024458e-02 -9.975614754261058481e-01 0.000000000000000000e+00 5.747583499847165101e+00 9.975614754261058481e-01 6.979328582099024458e-02 0.000000000000000000e+00 -1.208173334725138837e+01 0.000000000000000000e+00 0.000000000000000000e+00 1.000000000000000000e+00 0.000000000000000000e+00
