1.218219491096086959e-01 -9.925519697804925379e-01 0.000000000000000000e+00 5.554051637905470962e+00 9.925519697804924268e-01 1.218219491096087931e-01 0.000000000000000000e+00 -1.475742237168805815e+01 0.000000000000000000e+00 0.000000000000000000e+00 1.000000000000000000e+00 0.000000000000000000e+00
1.218219491096086959e-01 -9.925519697804925379e-01 0.000000000000000000e+00 5.554051637905470962e+00 9.925519697804924268e-01 1.218219491096087931e-01 0.000000000000000000e+00 -1.475742237168805815e+01 0.000000000000000000e+00 0.000000000000000000e+00 1.000000000000000000e+00 0.000000000000000000e+00
1.218219491096086959e-01 -9.925519697804925379e-01 0.000000000000000000e+00 5.561033163850514605e+00 9.925519697804924268e-01 1.218219491096087931e-01 0.000000000000000000e+00 -1.469568698236006732e+01 0.000000000000000000e+00 0.000000000000000000e+00 1.000000000000000000e+00 0.000000000000000000e+00
1.233404104330717704e-01 -9.923644205402576413e-01 0.000000000000000000e+00 5.578727798727735276e+00 9.923644205402575302e-01 1.233404104330718676e-01 0.000000000000000000e+00 -1.453635431183527515e+01 0.000000000000000000e+00 0.000000000000000000e+00 1.000000000000000000e+00 0.000000000000000000e+00
1.218219491096086959e-01 -9.925519697804925379e-01 0.000000000000000000e+00 5.596518761610799864e+00 9.925519697804924268e-01 1.218219491096087931e-01 0.000000000000000000e+00 -1.437502396242855873e+01 0.000000000000000000e+00 0.000000000000000000e+00 1.000000000000000000e+00 0.000000000000000000e+00
1.218219491096086959e-01 -9.925519697804925379e-01 0.000000000000000000e+00 5.613924412470485237e+00 9.925519697804924268e-01 1.218219491096087931e-01 0.000000000000000000e+00 -1.422168432854954112e+01 0.000000000000000000e+00 0.000000000000000000e+00 1.000000000000000000e+00 0.000000000000000000e+00
1.233404104330717704e-01 -9.923644205402576413e-01 0.000000000000000000e+00 5.649169190216158043e+00 9.923644205402575302e-01 1.233404104330718676e-01 0.000000000000000000e+00 -1.390601550582284673e+01 0.000000000000000000e+00 0.000000000000000000e+00 1.000000000000000000e+00 0.000000000000000000e+00
1.218219491096086959e-01 -9.925519697804925379e-01 0.000000000000000000e+00 5.666382185064153809e+00 9.925519697804924268e-01 1.218219491096087931e-01 0.000000000000000000e+00 -1.375667122970767942e+01 0.000000000000000000e+00 0.000000000000000000e+00 1.000000000000000000e+00 0.000000000000000000e+00
1.172648682884994270e-01 -9.931006749898425578e-01 0.000000000000000000e+00 5.682451848462419797e+00 9.931006749898424468e-01 1.172648682884995242e-01 0.000000000000000000e+00 -1.361027530791247919e+01 0.000000000000000000e+00 0.000000000000000000e+00 1.000000000000000000e+00 0.000000000000000000e+00
8.682583312000173581e-02 -9.962235063995517059e-01 0.000000000000000000e+00 5.694802533493960262e+00 9.962235063995515949e-01 8.682583312000184683e-02 0.000000000000000000e+00 -1.347871748572295125e+01 0.000000000000000000e+00 0.000000000000000000e+00 1.000000000000000000e+00 0.000000000000000000e+00
8.530151011861018817e-02 -9.963551838433345464e-01 0.000000000000000000e+00 5.706311475713715886e+00 9.963551838433343244e-01 8.530151011861028532e-02 0.000000000000000000e+00 -1.332309118894447764e+01 0.000000000000000000e+00 0.000000000000000000e+00 1.000000000000000000e+00 0.000000000000000000e+00
8.682583312000173581e-02 -9.962235063995517059e-01 0.000000000000000000e+00 5.718867421377354709e+00 9.962235063995515949e-01 8.682583312000184683e-02 0.000000000000000000e+00 -1.316651421672795941e+01 0.000000000000000000e+00 0.000000000000000000e+00 1.000000000000000000e+00 0.000000000000000000e+00
8.682583312000173581e-02 -9.962235063995517059e-01 0.000000000000000000e+00 5.730328199594186600e+00 9.962235063995515949e-01 8.682583312000184683e-02 0.000000000000000000e+00 -1.301188675939044437e+01 0.000000000000000000e+00 0.000000000000000000e+00 1.000000000000000000e+00 0.000000000000000000e+00
8.682583312000173581e-02 -9.962235063995517059e-01 0.000000000000000000e+00 5.742787817251982396e+00 9.962235063995515949e-01 8.682583312000184683e-02 0.000000000000000000e+00 -1.285730746605585573e+01 0.000000000000000000e+00 0.000000000000000000e+00 1.000000000000000000e+00 0.000000000000000000e+00
8.682583312000173581e-02 -9.962235063995517059e-01 0.000000000000000000e+00 5.754248595468813399e+00 9.962235063995515949e-01 8.682583312000184683e-02 0.000000000000000000e+00 -1.270268000871834069e+01 0.000000000000000000e+00 0.000000000000000000e+00 1.000000000000000000e+00 0.000000000000000000e+00
8.682583312000173581e-02 -9.962235063995517059e-01 0.000000000000000000e+00 5.765709373685646177e+00 9.962235063995515949e-01 8.682583312000184683e-02 0.000000000000000000e+00 -1.254805255138082742e+01 0.000000000000000000e+00 0.000000000000000000e+00 1.000000000000000000e+00 0.000000000000000000e+00
8.682583312000173581e-02 -9.962235063995517059e-01 0.000000000000000000e+00 5.778265319349286777e+00 9.962235063995515949e-01 8.682583312000184683e-02 0.000000000000000000e+00 -1.239147557916430920e+01 0.000000000000000000e+00 0.000000000000000000e+00 1.000000000000000000e+00 0.000000000000000000e+00
8.682583312000173581e-02 -9.962235063995517059e-01 0.000000000000000000e+00 5.789726097566118668e+00 9.962235063995515949e-01 8.682583312000184683e-02 0.000000000000000000e+00 -1.223684812182679771e+01 0.000000000000000000e+00 0.000000000000000000e+00 1.000000000000000000e+00 0.000000000000000000e+00
8.682583312000173581e-02 -9.962235063995517059e-01 0.000000000000000000e+00 5.802185715223913576e+00 9.962235063995515949e-01 8.682583312000184683e-02 0.000000000000000000e+00 -1.208226882849220551e+01 0.000000000000000000e+00 0.000000000000000000e+00 1.000000000000000000e+00 0.000000000000000000e+00
8.682583312000173581e-02 -9.962235063995517059e-01 0.000000000000000000e+00 5.813646493440746355e+00 9.962235063995515949e-01 8.682583312000184683e-02 0.000000000000000000e+00 -1.192764137115469225e+01 0.000000000000000000e+00 0.000000000000000000e+00 1.000000000000000000e+00 0.000000000000000000e+00
8.682583312000173581e-02 -9.962235063995517059e-01 0.000000000000000000e+00 5.826202439104385178e+00 9.962235063995515949e-01 8.682583312000184683e-02 0.000000000000000000e+00 -1.177106439893817580e+01 0.000000000000000000e+00 0.000000000000000000e+00 1.000000000000000000e+00 0.000000000000000000e+00
8.905179847606711427e-03 -9.999603480998042748e-01 0.000000000000000000e+00 5.829031510656402126e+00 9.999603480998042748e-01 8.905179847606824184e-03 0.000000000000000000e+00 -1.173315666418451997e+01 0.000000000000000000e+00 0.000000000000000000e+00 1.000000000000000000e+00 0.000000000000000000e+00
-9.042103371951148993e-02 -9.959036281995838902e-01 0.000000000000000000e+00 5.829837694085674649e+00 9.959036281995837792e-01 -9.042103371951136503e-02 0.000000000000000000e+00 -1.173720018595129311e+01 0.000000000000000000e+00 0.000000000000000000e+00 1.000000000000000000e+00 0.000000000000000000e+00
-1.933590915670030108e-01 -9.811280557136174973e-01 0.000000000000000000e+00 5.829837694085674649e+00 9.811280557136173863e-01 -1.933590915670028998e-01 0.000000000000000000e+00 -1.173720018595129311e+01 0.000000000000000000e+00 0.000000000000000000e+00 1.000000000000000000e+00 0.000000000000000000e+00
-3.918713103276904586e-01 -9.200200411632666331e-01 0.000000000000000000e+00 5.829837694085674649e+00 9.200200411632666331e-01 -3.918713103276902920e-01 0.000000000000000000e+00 -1.173720018595129311e+01 0.000000000000000000e+00 0.000000000000000000e+00 1.000000000000000000e+00 0.000000000000000000e+00
-5.747304317611210411e-01 -8.183427954150237493e-01 0.000000000000000000e+00 5.829837694085674649e+00 8.183427954150237493e-01 -5.747304317611209301e-01 0.000000000000000000e+00 -1.173720018595129311e+01 0.000000000000000000e+00 0.000000000000000000e+00 1.000000000000000000e+00 0.000000000000000000e+00
-6.566095727392043946e-01 -7.542306470750439473e-01 0.000000000000000000e+00 5.829837694085674649e+00 7.542306470750439473e-01 -6.566095727392041725e-01 0.000000000000000000e+00 -1.173720018595129311e+01 0.000000000000000000e+00 0.000000000000000000e+00 1.000000000000000000e+00 0.000000000000000000e+00
-7.313877692598383939e-01 -6.819618251611431203e-01 0.000000000000000000e+00 5.829837694085674649e+00 6.819618251611430093e-01 -7.313877692598382829e-01 0.000000000000000000e+00 -1.173720018595129311e+01 0.000000000000000000e+00 0.000000000000000000e+00 1.000000000000000000e+00 0.000000000000000000e+00
-7.982563279083727537e-01 -6.023178853016406542e-01 0.000000000000000000e+00 5.829837694085674649e+00 6.023178853016407652e-01 -7.982563279083726426e-01 0.000000000000000000e+00 -1.173720018595129311e+01 0.000000000000000000e+00 0.000000000000000000e+00 1.000000000000000000e+00 0.000000000000000000e+00
-8.564920945809627595e-01 -5.161601417392814861e-01 0.000000000000000000e+00 5.829837694085674649e+00 5.161601417392814861e-01 -8.564920945809626485e-01 0.000000000000000000e+00 -1.173720018595129311e+01 0.000000000000000000e+00 0.000000000000000000e+00 1.000000000000000000e+00 0.000000000000000000e+00
-9.054652749900155007e-01 -4.244203527014883681e-01 0.000000000000000000e+00 5.829837694085674649e+00 4.244203527014883681e-01 -9.054652749900152786e-01 0.000000000000000000e+00 -1.173720018595129311e+01 0.000000000000000000e+00 0.000000000000000000e+00 1.000000000000000000e+00 0.000000000000000000e+00
-9.739593075133459177e-01 -2.267228865997510390e-01 0.000000000000000000e+00 5.829837694085674649e+00 2.267228865997511222e-01 -9.739593075133459177e-01 0.000000000000000000e+00 -1.173720018595129311e+01 0.000000000000000000e+00 0.000000000000000000e+00 1.000000000000000000e+00 0.000000000000000000e+00
-9.902199554403562365e-01 -1.395150165670308862e-01 0.000000000000000000e+00 5.776189348291229209e+00 1.395150165670309694e-01 -9.902199554403561255e-01 0.000000000000000000e+00 -1.172860629314770620e+01 0.000000000000000000e+00 0.000000000000000000e+00 1.000000000000000000e+00 0.000000000000000000e+00
-9.951368887017439935e-01 -9.850163828593308524e-02 0.000000000000000000e+00 5.660564793154179597e+00 9.850163828593318238e-02 -9.951368887017438825e-01 0.000000000000000000e+00 -1.171802507160388629e+01 0.000000000000000000e+00 0.000000000000000000e+00 1.000000000000000000e+00 0.000000000000000000e+00
-9.949850164963169874e-01 -1.000240818394447229e-01 0.000000000000000000e+00 5.494047590530959368e+00 1.000240818394448200e-01 -9.949850164963168764e-01 0.000000000000000000e+00 -1.170398864647005865e+01 0.000000000000000000e+00 0.000000000000000000e+00 1.000000000000000000e+00 0.000000000000000000e+00
-9.949850164963169874e-01 -1.000240818394447229e-01 0.000000000000000000e+00 5.328529227348701269e+00 1.000240818394448200e-01 -9.949850164963168764e-01 0.000000000000000000e+00 -1.169000038533915387e+01 0.000000000000000000e+00 0.000000000000000000e+00 1.000000000000000000e+00 0.000000000000000000e+00
-9.924276462780560193e-01 -1.228306431758694611e-01 0.000000000000000000e+00 5.194023050839208011e+00 1.228306431758695721e-01 -9.924276462780557972e-01 0.000000000000000000e+00 -1.167650636885788273e+01 0.000000000000000000e+00 0.000000000000000000e+00 1.000000000000000000e+00 0.000000000000000000e+00
-9.924276462780560193e-01 -1.228306431758694611e-01 0.000000000000000000e+00 5.045629450162081753e+00 1.228306431758695721e-01 -9.924276462780557972e-01 0.000000000000000000e+00 -1.166034037745377283e+01 0.000000000000000000e+00 0.000000000000000000e+00 1.000000000000000000e+00 0.000000000000000000e+00
-9.922385538805085226e-01 -1.243489131159466743e-01 0.000000000000000000e+00 4.897235849484957271e+00 1.243489131159467714e-01 -9.922385538805084115e-01 0.000000000000000000e+00 -1.164417438604966293e+01 0.000000000000000000e+00 0.000000000000000000e+00 1.000000000000000000e+00 0.000000000000000000e+00
-9.922385538805085226e-01 -1.243489131159466743e-01 0.000000000000000000e+00 4.748842248807830124e+00 1.243489131159467714e-01 -9.922385538805084115e-01 0.000000000000000000e+00 -1.162800839464555125e+01 0.000000000000000000e+00 0.000000000000000000e+00 1.000000000000000000e+00 0.000000000000000000e+00
-9.922385538805085226e-01 -1.243489131159466743e-01 0.000000000000000000e+00 4.592506096605927013e+00 1.243489131159467714e-01 -9.922385538805084115e-01 0.000000000000000000e+00 -1.161045825177710000e+01 0.000000000000000000e+00 0.000000000000000000e+00 1.000000000000000000e+00 0.000000000000000000e+00
-9.924276462780560193e-01 -1.228306431758694611e-01 0.000000000000000000e+00 4.433125262078212003e+00 1.228306431758695721e-01 -9.924276462780557972e-01 0.000000000000000000e+00 -1.159376245634084235e+01 0.000000000000000000e+00 0.000000000000000000e+00 1.000000000000000000e+00 0.000000000000000000e+00
-9.924276462780560193e-01 -1.228306431758694611e-01 0.000000000000000000e+00 4.273792591553420728e+00 1.228306431758695721e-01 -9.924276462780557972e-01 0.000000000000000000e+00 -1.157606782146362079e+01 0.000000000000000000e+00 0.000000000000000000e+00 1.000000000000000000e+00 0.000000000000000000e+00
-9.924276462780560193e-01 -1.228306431758694611e-01 0.000000000000000000e+00 4.109465723823815253e+00 1.228306431758695721e-01 -9.924276462780557972e-01 0.000000000000000000e+00 -1.155813236657178855e+01 0.000000000000000000e+00 0.000000000000000000e+00 1.000000000000000000e+00 0.000000000000000000e+00
-9.938567151743257222e-01 -1.106744311162213695e-01 0.000000000000000000e+00 3.950133053299024866e+00 1.106744311162214667e-01 -9.938567151743256112e-01 0.000000000000000000e+00 -1.154043773169456699e+01 0.000000000000000000e+00 0.000000000000000000e+00 1.000000000000000000e+00 0.000000000000000000e+00
-9.936862201013292317e-01 -1.121949017590935654e-01 0.000000000000000000e+00 3.617291304064274460e+00 1.121949017590936626e-01 -9.936862201013291207e-01 0.000000000000000000e+00 -1.150836952366306143e+01 0.000000000000000000e+00 0.000000000000000000e+00 1.000000000000000000e+00 0.000000000000000000e+00
-9.936862201013292317e-01 -1.121949017590935654e-01 0.000000000000000000e+00 3.451869268887862052e+00 1.121949017590936626e-01 -9.936862201013291207e-01 0.000000000000000000e+00 -1.149238358365023416e+01 0.000000000000000000e+00 0.000000000000000000e+00 1.000000000000000000e+00 0.000000000000000000e+00
-9.936862201013292317e-01 -1.121949017590935654e-01 0.000000000000000000e+00 3.284497718832447344e+00 1.121949017590936626e-01 -9.936862201013291207e-01 0.000000000000000000e+00 -1.147530247619059551e+01 0.000000000000000000e+00 0.000000000000000000e+00 1.000000000000000000e+00 0.000000000000000000e+00
-9.936862201013292317e-01 -1.121949017590935654e-01 0.000000000000000000e+00 2.868944952009491178e+00 1.121949017590936626e-01 -9.936862201013291207e-01 0.000000000000000000e+00 -1.143524129815267720e+01 0.000000000000000000e+00 0.000000000000000000e+00 1.000000000000000000e+00 0.000000000000000000e+00
-9.936862201013292317e-01 -1.121949017590935654e-01 0.000000000000000000e+00 2.702524077392116197e+00 1.121949017590936626e-01 -9.936862201013291207e-01 0.000000000000000000e+00 -1.141920719413692353e+01 0.000000000000000000e+00 0.000000000000000000e+00 1.000000000000000000e+00 0.000000000000000000e+00
-9.970183486205671519e-01 -7.716483988136911554e-02 0.000000000000000000e+00 2.553985984706222734e+00 7.716483988136921268e-02 -9.970183486205670409e-01 0.000000000000000000e+00 -1.140603772105570357e+01 0.000000000000000000e+00 0.000000000000000000e+00 1.000000000000000000e+00 0.000000000000000000e+00
-9.995556664360677468e-01 -2.980720878493168385e-02 0.000000000000000000e+00 2.422091014496237094e+00 2.980720878493179141e-02 -9.995556664360676358e-01 0.000000000000000000e+00 -1.140067891211089801e+01 0.000000000000000000e+00 0.000000000000000000e+00 1.000000000000000000e+00 0.000000000000000000e+00
-9.998705848759471548e-01 1.608768161766044660e-02 0.000000000000000000e+00 2.288956384830676427e+00 -1.608768161766033211e-02 -9.998705848759471548e-01 0.000000000000000000e+00 -1.140026613636798736e+01 0.000000000000000000e+00 0.000000000000000000e+00 1.000000000000000000e+00 0.000000000000000000e+00
-9.763214927899039886e-01 2.163246234631963638e-01 0.000000000000000000e+00 2.249808990621444238e+00 -2.163246234631962250e-01 -9.763214927899038775e-01 0.000000000000000000e+00 -1.140238309801786265e+01 0.000000000000000000e+00 0.000000000000000000e+00 1.000000000000000000e+00 0.000000000000000000e+00
-9.480909865900993827e-01 3.179991841917396700e-01 0.000000000000000000e+00 2.211226959826873895e+00 -3.179991841917395035e-01 -9.480909865900992717e-01 0.000000000000000000e+00 -1.141353777863932173e+01 0.000000000000000000e+00 0.000000000000000000e+00 1.000000000000000000e+00 0.000000000000000000e+00
-9.099394115831160867e-01 4.147412051481892403e-01 0.000000000000000000e+00 2.174449951902538203e+00 -4.147412051481890738e-01 -9.099394115831160867e-01 0.000000000000000000e+00 -1.142878414503047857e+01 0.000000000000000000e+00 0.000000000000000000e+00 1.000000000000000000e+00 0.000000000000000000e+00
-8.642652738229912313e-01 5.030363172412802841e-01 0.000000000000000000e+00 2.151897516166290991e+00 -5.030363172412800621e-01 -8.642652738229912313e-01 0.000000000000000000e+00 -1.143971061025773395e+01 0.000000000000000000e+00 0.000000000000000000e+00 1.000000000000000000e+00 0.000000000000000000e+00
-8.073504161668639822e-01 5.900722883810014530e-01 0.000000000000000000e+00 2.151897516166290991e+00 -5.900722883810012309e-01 -8.073504161668639822e-01 0.000000000000000000e+00 -1.143971061025773395e+01 0.000000000000000000e+00 0.000000000000000000e+00 1.000000000000000000e+00 0.000000000000000000e+00
-7.406773380859329459e-01 6.718609088538612939e-01 0.000000000000000000e+00 2.151849352163369034e+00 -6.718609088538610719e-01 -7.406773380859329459e-01 0.000000000000000000e+00 -1.144070944969869785e+01 0.000000000000000000e+00 0.000000000000000000e+00 1.000000000000000000e+00 0.000000000000000000e+00
-6.657570565067341128e-01 7.461685745938978487e-01 0.000000000000000000e+00 2.150802348719484058e+00 -7.461685745938976266e-01 -6.657570565067341128e-01 0.000000000000000000e+00 -1.144166012513673714e+01 0.000000000000000000e+00 0.000000000000000000e+00 1.000000000000000000e+00 0.000000000000000000e+00
-5.896197367842090920e-01 8.076809803347606564e-01 0.000000000000000000e+00 2.125192626037017973e+00 -8.076809803347604344e-01 -5.896197367842092030e-01 0.000000000000000000e+00 -1.147446473005932432e+01 0.000000000000000000e+00 0.000000000000000000e+00 1.000000000000000000e+00 0.000000000000000000e+00
-5.091508980475261126e-01 8.606772699551195061e-01 0.000000000000000000e+00 2.114385443577709633e+00 -8.606772699551193950e-01 -5.091508980475261126e-01 0.000000000000000000e+00 -1.149096336052646805e+01 0.000000000000000000e+00 0.000000000000000000e+00 1.000000000000000000e+00 0.000000000000000000e+00
-4.170143694098421006e-01 9.088998931156895278e-01 0.000000000000000000e+00 2.114385443577709633e+00 -9.088998931156893057e-01 -4.170143694098421006e-01 0.000000000000000000e+00 -1.149096336052646805e+01 0.000000000000000000e+00 0.000000000000000000e+00 1.000000000000000000e+00 0.000000000000000000e+00
-3.203680133137432051e-01 9.472931626721503573e-01 0.000000000000000000e+00 2.114385443577709633e+00 -9.472931626721502463e-01 -3.203680133137433161e-01 0.000000000000000000e+00 -1.149096336052646805e+01 0.000000000000000000e+00 0.000000000000000000e+00 1.000000000000000000e+00 0.000000000000000000e+00
-2.202570176996993534e-01 9.754418722579188961e-01 0.000000000000000000e+00 2.114385443577709633e+00 -9.754418722579188961e-01 -2.202570176996994367e-01 0.000000000000000000e+00 -1.149096336052646805e+01 0.000000000000000000e+00 0.000000000000000000e+00 1.000000000000000000e+00 0.000000000000000000e+00
-1.283925574020854388e-01 9.917234247529661539e-01 0.000000000000000000e+00 2.109703185152535632e+00 -9.917234247529660429e-01 -1.283925574020855220e-01 0.000000000000000000e+00 -1.152577824895138825e+01 0.000000000000000000e+00 0.000000000000000000e+00 1.000000000000000000e+00 0.000000000000000000e+00
-7.207540116803140551e-02 9.973991861569104778e-01 0.000000000000000000e+00 2.104273257442706768e+00 -9.973991861569103667e-01 -7.207540116803151653e-02 0.000000000000000000e+00 -1.161762331351702571e+01 0.000000000000000000e+00 0.000000000000000000e+00 1.000000000000000000e+00 0.000000000000000000e+00
-7.207540116803140551e-02 9.973991861569104778e-01 0.000000000000000000e+00 2.095182865510770043e+00 -9.973991861569103667e-01 -7.207540116803151653e-02 0.000000000000000000e+00 -1.178538017559582052e+01 0.000000000000000000e+00 0.000000000000000000e+00 1.000000000000000000e+00 0.000000000000000000e+00
-7.207540116803140551e-02 9.973991861569104778e-01 0.000000000000000000e+00 2.086092473578833761e+00 -9.973991861569103667e-01 -7.207540116803151653e-02 0.000000000000000000e+00 -1.195313703767461710e+01 0.000000000000000000e+00 0.000000000000000000e+00 1.000000000000000000e+00 0.000000000000000000e+00
-7.970332151426341716e-02 9.968186297113401650e-01 0.000000000000000000e+00 2.077483721676121498e+00 -9.968186297113400540e-01 -7.970332151426351430e-02 0.000000000000000000e+00 -1.211090550534378529e+01 0.000000000000000000e+00 0.000000000000000000e+00 1.000000000000000000e+00 0.000000000000000000e+00
-9.494472283207738839e-02 9.954825461083384175e-01 0.000000000000000000e+00 2.067262602914864189e+00 -9.954825461083383065e-01 -9.494472283207748553e-02 0.000000000000000000e+00 -1.226058692947940720e+01 0.000000000000000000e+00 0.000000000000000000e+00 1.000000000000000000e+00 0.000000000000000000e+00
-1.132047535716765863e-01 9.935716802368996792e-01 0.000000000000000000e+00 2.055332789289216144e+00 -9.935716802368995682e-01 -1.132047535716766834e-01 0.000000000000000000e+00 -1.240417898896341065e+01 0.000000000000000000e+00 0.000000000000000000e+00 1.000000000000000000e+00 0.000000000000000000e+00
-1.132047535716765863e-01 9.935716802368996792e-01 0.000000000000000000e+00 2.039298685273464251e+00 -9.935716802368995682e-01 -1.132047535716766834e-01 0.000000000000000000e+00 -1.257059986358078518e+01 0.000000000000000000e+00 0.000000000000000000e+00 1.000000000000000000e+00 0.000000000000000000e+00
-1.208021902926462304e-01 9.926765993114269326e-01 0.000000000000000000e+00 2.023649893281091572e+00 -9.926765993114268216e-01 -1.208021902926463276e-01 0.000000000000000000e+00 -1.272903002267045913e+01 0.000000000000000000e+00 0.000000000000000000e+00 1.000000000000000000e+00 0.000000000000000000e+00
-1.299097433728423623e-01 9.915258234543375959e-01 0.000000000000000000e+00 2.008482741317943798e+00 -9.915258234543374849e-01 -1.299097433728424733e-01 0.000000000000000000e+00 -1.287747178735050824e+01 0.000000000000000000e+00 0.000000000000000000e+00 1.000000000000000000e+00 0.000000000000000000e+00
-1.314266252381133815e-01 9.913259010933389570e-01 0.000000000000000000e+00 1.990788106440723571e+00 -9.913259010933388460e-01 -1.314266252381134925e-01 0.000000000000000000e+00 -1.303680445787529862e+01 0.000000000000000000e+00 0.000000000000000000e+00 1.000000000000000000e+00 0.000000000000000000e+00
-1.511168012335027400e-01 9.885159140777420861e-01 0.000000000000000000e+00 1.974393899642409522e+00 -9.885159140777419751e-01 -1.511168012335028232e-01 0.000000000000000000e+00 -1.316916846349410264e+01 0.000000000000000000e+00 0.000000000000000000e+00 1.000000000000000000e+00 0.000000000000000000e+00
-1.782797845564627615e-01 9.839798363881757659e-01 0.000000000000000000e+00 1.955099502527053446e+00 -9.839798363881757659e-01 -1.782797845564628447e-01 0.000000000000000000e+00 -1.329939029822221030e+01 0.000000000000000000e+00 0.000000000000000000e+00 1.000000000000000000e+00 0.000000000000000000e+00
-1.948141352486311706e-01 9.808401769438933604e-01 0.000000000000000000e+00 1.930088448163046699e+00 -9.808401769438932494e-01 -1.948141352486312539e-01 0.000000000000000000e+00 -1.344435390455014456e+01 0.000000000000000000e+00 0.000000000000000000e+00 1.000000000000000000e+00 0.000000000000000000e+00
-1.963145921136170979e-01 9.805409634091092341e-01 0.000000000000000000e+00 1.923553002864714978e+00 -9.805409634091091231e-01 -1.963145921136171812e-01 0.000000000000000000e+00 -1.347607594664633623e+01 0.000000000000000000e+00 0.000000000000000000e+00 1.000000000000000000e+00 0.000000000000000000e+00
-1.601848824261775384e-01 9.870870293151012831e-01 0.000000000000000000e+00 1.913093318567559153e+00 -9.870870293151011721e-01 -1.601848824261776216e-01 0.000000000000000000e+00 -1.354765523837518693e+01 0.000000000000000000e+00 0.000000000000000000e+00 1.000000000000000000e+00 0.000000000000000000e+00
-1.601848824261775384e-01 9.870870293151012831e-01 0.000000000000000000e+00 1.889212991032873656e+00 -9.870870293151011721e-01 -1.601848824261776216e-01 0.000000000000000000e+00 -1.371069428264629408e+01 0.000000000000000000e+00 0.000000000000000000e+00 1.000000000000000000e+00 0.000000000000000000e+00
-1.601848824261775384e-01 9.870870293151012831e-01 0.000000000000000000e+00 1.866138846927460904e+00 -9.870870293151011721e-01 -1.601848824261776216e-01 0.000000000000000000e+00 -1.387777684868417261e+01 0.000000000000000000e+00 0.000000000000000000e+00 1.000000000000000000e+00 0.000000000000000000e+00
-1.601848824261775384e-01 9.870870293151012831e-01 0.000000000000000000e+00 1.842162191386930159e+00 -9.870870293151011721e-01 -1.601848824261776216e-01 0.000000000000000000e+00 -1.404281357183720580e+01 0.000000000000000000e+00 0.000000000000000000e+00 1.000000000000000000e+00 0.000000000000000000e+00
-1.601848824261775384e-01 9.870870293151012831e-01 0.000000000000000000e+00 1.818089207840554611e+00 -9.870870293151011721e-01 -1.601848824261776216e-01 0.000000000000000000e+00 -1.420984797387216325e+01 0.000000000000000000e+00 0.000000000000000000e+00 1.000000000000000000e+00 0.000000000000000000e+00
-1.571636508772452923e-01 9.875725729499251759e-01 0.000000000000000000e+00 1.794112552300023866e+00 -9.875725729499250649e-01 -1.571636508772453755e-01 0.000000000000000000e+00 -1.437488469702519644e+01 0.000000000000000000e+00 0.000000000000000000e+00 1.000000000000000000e+00 0.000000000000000000e+00
-1.359754106945552654e-01 9.907122123434469740e-01 0.000000000000000000e+00 1.773084251079458662e+00 -9.907122123434467520e-01 -1.359754106945553764e-01 0.000000000000000000e+00 -1.454106475162795853e+01 0.000000000000000000e+00 0.000000000000000000e+00 1.000000000000000000e+00 0.000000000000000000e+00
-1.223208435042252018e-01 9.924906101542799730e-01 0.000000000000000000e+00 1.755052468181781400e+00 -9.924906101542797510e-01 -1.223208435042252989e-01 0.000000000000000000e+00 -1.470738929823948737e+01 0.000000000000000000e+00 0.000000000000000000e+00 1.000000000000000000e+00 0.000000000000000000e+00
-1.223208435042252018e-01 9.924906101542799730e-01 0.000000000000000000e+00 1.737020685284103694e+00 -9.924906101542797510e-01 -1.223208435042252989e-01 0.000000000000000000e+00 -1.487371384485102155e+01 0.000000000000000000e+00 0.000000000000000000e+00 1.000000000000000000e+00 0.000000000000000000e+00
-1.223208435042252018e-01 9.924906101542799730e-01 0.000000000000000000e+00 1.719987741827388783e+00 -9.924906101542797510e-01 -1.223208435042252989e-01 0.000000000000000000e+00 -1.504008655546547324e+01 0.000000000000000000e+00 0.000000000000000000e+00 1.000000000000000000e+00 0.000000000000000000e+00
-1.223208435042252018e-01 9.924906101542799730e-01 0.000000000000000000e+00 1.684923015472996610e+00 -9.924906101542797510e-01 -1.223208435042252989e-01 0.000000000000000000e+00 -1.537278381269145378e+01 0.000000000000000000e+00 0.000000000000000000e+00 1.000000000000000000e+00 0.000000000000000000e+00
-1.344594624487533419e-01 9.909190950617474680e-01 0.000000000000000000e+00 1.668564368057196212e+00 -9.909190950617472460e-01 -1.344594624487534251e-01 0.000000000000000000e+00 -1.552517277113243210e+01 0.000000000000000000e+00 0.000000000000000000e+00 1.000000000000000000e+00 0.000000000000000000e+00
-1.496041956004991735e-01 9.887459656851841361e-01 0.000000000000000000e+00 1.630708384012015122e+00 -9.887459656851841361e-01 -1.496041956004992846e-01 0.000000000000000000e+00 -1.583270638632265381e+01 0.000000000000000000e+00 0.000000000000000000e+00 1.000000000000000000e+00 0.000000000000000000e+00
-1.616949375035351966e-01 9.868407912048061670e-01 0.000000000000000000e+00 1.585186227839181061e+00 -9.868407912048060560e-01 -1.616949375035353076e-01 0.000000000000000000e+00 -1.615388660566590318e+01 0.000000000000000000e+00 0.000000000000000000e+00 1.000000000000000000e+00 0.000000000000000000e+00
-1.616949375035351966e-01 9.868407912048061670e-01 0.000000000000000000e+00 1.561161408295727915e+00 -9.868407912048060560e-01 -1.616949375035353076e-01 0.000000000000000000e+00 -1.631992216825990027e+01 0.000000000000000000e+00 0.000000000000000000e+00 1.000000000000000000e+00 0.000000000000000000e+00
-1.616949375035351966e-01 9.868407912048061670e-01 0.000000000000000000e+00 1.537088424749352589e+00 -9.868407912048060560e-01 -1.616949375035353076e-01 0.000000000000000000e+00 -1.648695657029485773e+01 0.000000000000000000e+00 0.000000000000000000e+00 1.000000000000000000e+00 0.000000000000000000e+00
-1.616949375035351966e-01 9.868407912048061670e-01 0.000000000000000000e+00 1.513111769208821622e+00 -9.868407912048060560e-01 -1.616949375035353076e-01 0.000000000000000000e+00 -1.665199329344788737e+01 0.000000000000000000e+00 0.000000000000000000e+00 1.000000000000000000e+00 0.000000000000000000e+00
-1.616949375035351966e-01 9.868407912048061670e-01 0.000000000000000000e+00 1.489038785662446296e+00 -9.868407912048060560e-01 -1.616949375035353076e-01 0.000000000000000000e+00 -1.681902769548284482e+01 0.000000000000000000e+00 0.000000000000000000e+00 1.000000000000000000e+00 0.000000000000000000e+00
-1.632046140691151004e-01 9.865922429993817522e-01 0.000000000000000000e+00 1.465062130121915551e+00 -9.865922429993817522e-01 -1.632046140691151836e-01 0.000000000000000000e+00 -1.698406441863588157e+01 0.000000000000000000e+00 0.000000000000000000e+00 1.000000000000000000e+00 0.000000000000000000e+00
-1.616949375035351966e-01 9.868407912048061670e-01 0.000000000000000000e+00 1.441037310578462405e+00 -9.868407912048060560e-01 -1.616949375035353076e-01 0.000000000000000000e+00 -1.715009998122987867e+01 0.000000000000000000e+00 0.000000000000000000e+00 1.000000000000000000e+00 0.000000000000000000e+00
-1.616949375035351966e-01 9.868407912048061670e-01 0.000000000000000000e+00 1.417012491035009480e+00 -9.868407912048060560e-01 -1.616949375035353076e-01 0.000000000000000000e+00 -1.731613554382386866e+01 0.000000000000000000e+00 0.000000000000000000e+00 1.000000000000000000e+00 0.000000000000000000e+00
-1.616949375035351966e-01 9.868407912048061670e-01 0.000000000000000000e+00 1.392987671491556112e+00 -9.868407912048060560e-01 -1.616949375035353076e-01 0.000000000000000000e+00 -1.748217110641786576e+01 0.000000000000000000e+00 0.000000000000000000e+00 1.000000000000000000e+00 0.000000000000000000e+00
-1.616949375035351966e-01 9.868407912048061670e-01 0.000000000000000000e+00 1.368962851948103632e+00 -9.868407912048060560e-01 -1.616949375035353076e-01 0.000000000000000000e+00 -1.764820666901185575e+01 0.000000000000000000e+00 0.000000000000000000e+00 1.000000000000000000e+00 0.000000000000000000e+00
-1.616949375035351966e-01 9.868407912048061670e-01 0.000000000000000000e+00 1.344938032404650263e+00 -9.868407912048060560e-01 -1.616949375035353076e-01 0.000000000000000000e+00 -1.781424223160585285e+01 0.000000000000000000e+00 0.000000000000000000e+00 1.000000000000000000e+00 0.000000000000000000e+00
-1.450642916183061681e-01 9.894222310506668450e-01 0.000000000000000000e+00 1.322201036319694323e+00 -9.894222310506666229e-01 -1.450642916183062514e-01 0.000000000000000000e+00 -1.797433292155700002e+01 0.000000000000000000e+00 0.000000000000000000e+00 1.000000000000000000e+00 0.000000000000000000e+00
-1.450642916183061681e-01 9.894222310506668450e-01 0.000000000000000000e+00 1.301172735099129119e+00 -9.894222310506666229e-01 -1.450642916183062514e-01 0.000000000000000000e+00 -1.814051297615976210e+01 0.000000000000000000e+00 0.000000000000000000e+00 1.000000000000000000e+00 0.000000000000000000e+00
-1.450642916183061681e-01 9.894222310506668450e-01 0.000000000000000000e+00 1.280144433878563692e+00 -9.894222310506666229e-01 -1.450642916183062514e-01 0.000000000000000000e+00 -1.830669303076252419e+01 0.000000000000000000e+00 0.000000000000000000e+00 1.000000000000000000e+00 0.000000000000000000e+00
-1.450642916183061681e-01 9.894222310506668450e-01 0.000000000000000000e+00 1.259116132657998932e+00 -9.894222310506666229e-01 -1.450642916183062514e-01 0.000000000000000000e+00 -1.847287308536528627e+01 0.000000000000000000e+00 0.000000000000000000e+00 1.000000000000000000e+00 0.000000000000000000e+00
-1.450642916183061681e-01 9.894222310506668450e-01 0.000000000000000000e+00 1.238232323446200489e+00 -9.894222310506666229e-01 -1.450642916183062514e-01 0.000000000000000000e+00 -1.863605662164516019e+01 0.000000000000000000e+00 0.000000000000000000e+00 1.000000000000000000e+00 0.000000000000000000e+00
-1.465779372508175804e-01 9.891991247020467393e-01 0.000000000000000000e+00 1.217493006243170584e+00 -9.891991247020466282e-01 -1.465779372508176637e-01 0.000000000000000000e+00 -1.879624363960214595e+01 0.000000000000000000e+00 0.000000000000000000e+00 1.000000000000000000e+00 0.000000000000000000e+00
-1.677313373610353764e-01 9.858327436574008118e-01 0.000000000000000000e+00 1.199101120562931388e+00 -9.858327436574007008e-01 -1.677313373610354597e-01 0.000000000000000000e+00 -1.892851131721510427e+01 0.000000000000000000e+00 0.000000000000000000e+00 1.000000000000000000e+00 0.000000000000000000e+00
-1.677313373610353764e-01 9.858327436574008118e-01 0.000000000000000000e+00 1.174077461578515891e+00 -9.858327436574007008e-01 -1.677313373610354597e-01 0.000000000000000000e+00 -1.909449871580617497e+01 0.000000000000000000e+00 0.000000000000000000e+00 1.000000000000000000e+00 0.000000000000000000e+00
-1.737614549615416892e-01 9.847877724513278697e-01 0.000000000000000000e+00 1.149390950614557205e+00 -9.847877724513276476e-01 -1.737614549615417725e-01 0.000000000000000000e+00 -1.925349423831050899e+01 0.000000000000000000e+00 0.000000000000000000e+00 1.000000000000000000e+00 0.000000000000000000e+00
-1.888077825252949815e-01 9.820140636762189068e-01 0.000000000000000000e+00 1.125089751673978622e+00 -9.820140636762186848e-01 -1.888077825252950925e-01 0.000000000000000000e+00 -1.940449904528714598e+01 0.000000000000000000e+00 0.000000000000000000e+00 1.000000000000000000e+00 0.000000000000000000e+00
-2.053075598376320754e-01 9.786975047855782650e-01 0.000000000000000000e+00 1.097840198413434498e+00 -9.786975047855782650e-01 -2.053075598376321587e-01 0.000000000000000000e+00 -1.955436052081405052e+01 0.000000000000000000e+00 0.000000000000000000e+00 1.000000000000000000e+00 0.000000000000000000e+00
-2.053075598376320754e-01 9.786975047855782650e-01 0.000000000000000000e+00 1.065872827345203167e+00 -9.786975047855782650e-01 -2.053075598376321587e-01 0.000000000000000000e+00 -1.971901193194370450e+01 0.000000000000000000e+00 0.000000000000000000e+00 1.000000000000000000e+00 0.000000000000000000e+00
-2.053075598376320754e-01 9.786975047855782650e-01 0.000000000000000000e+00 1.034904295717934186e+00 -9.786975047855782650e-01 -2.053075598376321587e-01 0.000000000000000000e+00 -1.988371150707627777e+01 0.000000000000000000e+00 0.000000000000000000e+00 1.000000000000000000e+00 0.000000000000000000e+00
-1.888077825252949815e-01 9.820140636762189068e-01 0.000000000000000000e+00 1.005271751552085480e+00 -9.820140636762186848e-01 -1.888077825252950925e-01 0.000000000000000000e+00 -2.004146737012503365e+01 0.000000000000000000e+00 0.000000000000000000e+00 1.000000000000000000e+00 0.000000000000000000e+00
-1.842983648930052731e-01 9.828703437879101612e-01 0.000000000000000000e+00 9.954381992929216549e-01 -9.828703437879100502e-01 -1.842983648930053842e-01 0.000000000000000000e+00 -2.010006174912137311e+01 0.000000000000000000e+00 0.000000000000000000e+00 1.000000000000000000e+00 0.000000000000000000e+00
-1.842983648930052731e-01 9.828703437879101612e-01 0.000000000000000000e+00 9.675143499914631295e-01 -9.828703437879100502e-01 -1.842983648930053842e-01 0.000000000000000000e+00 -2.026390697682175102e+01 0.000000000000000000e+00 0.000000000000000000e+00 1.000000000000000000e+00 0.000000000000000000e+00
-1.842983648930052731e-01 9.828703437879101612e-01 0.000000000000000000e+00 9.395423366870817583e-01 -9.828703437879100502e-01 -1.842983648930053842e-01 0.000000000000000000e+00 -2.042875104396309638e+01 0.000000000000000000e+00 0.000000000000000000e+00 1.000000000000000000e+00 0.000000000000000000e+00
-1.767740873267085455e-01 9.842514526531362939e-01 0.000000000000000000e+00 9.125691628236637376e-01 -9.842514526531362939e-01 -1.767740873267086288e-01 0.000000000000000000e+00 -2.059364327510736103e+01 0.000000000000000000e+00 0.000000000000000000e+00 1.000000000000000000e+00 0.000000000000000000e+00
-1.601848824261775384e-01 9.870870293151012831e-01 0.000000000000000000e+00 8.865948284012076241e-01 -9.870870293151011721e-01 -1.601848824261776216e-01 0.000000000000000000e+00 -2.075858367025455209e+01 0.000000000000000000e+00 0.000000000000000000e+00 1.000000000000000000e+00 0.000000000000000000e+00
-1.586744523722742328e-01 9.873309567537922327e-01 0.000000000000000000e+00 8.635688482987173842e-01 -9.873309567537922327e-01 -1.586744523722743161e-01 0.000000000000000000e+00 -2.092466739685146848e+01 0.000000000000000000e+00 0.000000000000000000e+00 1.000000000000000000e+00 0.000000000000000000e+00
-1.586744523722742328e-01 9.873309567537922327e-01 0.000000000000000000e+00 8.405428681962269222e-01 -9.873309567537922327e-01 -1.586744523722743161e-01 0.000000000000000000e+00 -2.109075112344838487e+01 0.000000000000000000e+00 0.000000000000000000e+00 1.000000000000000000e+00 0.000000000000000000e+00
-1.586744523722742328e-01 9.873309567537922327e-01 0.000000000000000000e+00 8.180466921258837676e-01 -9.873309567537922327e-01 -1.586744523722743161e-01 0.000000000000000000e+00 -2.124584761619471607e+01 0.000000000000000000e+00 0.000000000000000000e+00 1.000000000000000000e+00 0.000000000000000000e+00
-1.586744523722742328e-01 9.873309567537922327e-01 0.000000000000000000e+00 8.055285603234713099e-01 -9.873309567537922327e-01 -1.586744523722743161e-01 0.000000000000000000e+00 -2.133935321162181964e+01 0.000000000000000000e+00 0.000000000000000000e+00 1.000000000000000000e+00 0.000000000000000000e+00
-1.586744523722742328e-01 9.873309567537922327e-01 0.000000000000000000e+00 7.815037407800180524e-01 -9.873309567537922327e-01 -1.586744523722743161e-01 0.000000000000000000e+00 -2.150538877421580963e+01 0.000000000000000000e+00 0.000000000000000000e+00 1.000000000000000000e+00 0.000000000000000000e+00
-1.586744523722742328e-01 9.873309567537922327e-01 0.000000000000000000e+00 7.599100761447923347e-01 -9.873309567537922327e-01 -1.586744523722743161e-01 0.000000000000000000e+00 -2.166253110984698793e+01 0.000000000000000000e+00 0.000000000000000000e+00 1.000000000000000000e+00 0.000000000000000000e+00
-1.662228175305209832e-01 9.860882186357441404e-01 0.000000000000000000e+00 7.375583920832162743e-01 -9.860882186357440293e-01 -1.662228175305210665e-01 0.000000000000000000e+00 -2.181463108427043096e+01 0.000000000000000000e+00 0.000000000000000000e+00 1.000000000000000000e+00 0.000000000000000000e+00
-1.873050806039519844e-01 9.823017900726573881e-01 0.000000000000000000e+00 7.157846760567100342e-01 -9.823017900726572771e-01 -1.873050806039520677e-01 0.000000000000000000e+00 -2.195474498540232133e+01 0.000000000000000000e+00 0.000000000000000000e+00 1.000000000000000000e+00 0.000000000000000000e+00
