-9.936265265644765865e-01 -1.127223389901651496e-01 0.000000000000000000e+00 5.563063579362805378e+00 1.127223389901651496e-01 -9.936265265644763645e-01 0.000000000000000000e+00 -1.468099832972095520e+01 0.000000000000000000e+00 0.000000000000000000e+00 1.000000000000000000e+00 0.000000000000000000e+00
-9.936265265644765865e-01 -1.127223389901651496e-01 0.000000000000000000e+00 5.563063579362805378e+00 1.127223389901651496e-01 -9.936265265644763645e-01 0.000000000000000000e+00 -1.468099832972095520e+01 0.000000000000000000e+00 0.000000000000000000e+00 1.000000000000000000e+00 0.000000000000000000e+00
-9.936265265644765865e-01 -1.127223389901651496e-01 0.000000000000000000e+00 5.563063579362805378e+00 1.127223389901651496e-01 -9.936265265644763645e-01 0.000000000000000000e+00 -1.468099832972095520e+01 0.000000000000000000e+00 0.000000000000000000e+00 1.000000000000000000e+00 0.000000000000000000e+00
-9.936265265644765865e-01 -1.127223389901651496e-01 0.000000000000000000e+00 5.569479146877005959e+00 1.127223389901651496e-01 -9.936265265644763645e-01 0.000000000000000000e+00 -1.461920156205895971e+01 0.000000000000000000e+00 0.000000000000000000e+00 1.000000000000000000e+00 0.000000000000000000e+00
-9.934528984631676440e-01 -1.142424550468477684e-01 0.000000000000000000e+00 5.585713115034568688e+00 1.142424550468477545e-01 -9.934528984631675330e-01 0.000000000000000000e+00 -1.445971344877819043e+01 0.000000000000000000e+00 0.000000000000000000e+00 1.000000000000000000e+00 0.000000000000000000e+00
-9.936265265644765865e-01 -1.127223389901651496e-01 0.000000000000000000e+00 5.602025102940957346e+00 1.127223389901651496e-01 -9.936265265644763645e-01 0.000000000000000000e+00 -1.429822685784711034e+01 0.000000000000000000e+00 0.000000000000000000e+00 1.000000000000000000e+00 0.000000000000000000e+00
-9.936265265644765865e-01 -1.127223389901651496e-01 0.000000000000000000e+00 5.618025011852044948e+00 1.127223389901651496e-01 -9.936265265644763645e-01 0.000000000000000000e+00 -1.414473417751727524e+01 0.000000000000000000e+00 0.000000000000000000e+00 1.000000000000000000e+00 0.000000000000000000e+00
-9.936265265644765865e-01 -1.127223389901651496e-01 0.000000000000000000e+00 5.634141950386371001e+00 1.127223389901651496e-01 -9.936265265644763645e-01 0.000000000000000000e+00 -1.398824378071197394e+01 0.000000000000000000e+00 0.000000000000000000e+00 1.000000000000000000e+00 0.000000000000000000e+00
-9.934528984631676440e-01 -1.142424550468477684e-01 0.000000000000000000e+00 5.650375918543933729e+00 1.142424550468477545e-01 -9.934528984631675330e-01 0.000000000000000000e+00 -1.382875566743120466e+01 0.000000000000000000e+00 0.000000000000000000e+00 1.000000000000000000e+00 0.000000000000000000e+00
-9.936265265644765865e-01 -1.127223389901651496e-01 0.000000000000000000e+00 5.666219787957371246e+00 1.127223389901651496e-01 -9.936265265644763645e-01 0.000000000000000000e+00 -1.367925994240199294e+01 0.000000000000000000e+00 0.000000000000000000e+00 1.000000000000000000e+00 0.000000000000000000e+00
-9.941334533905507032e-01 -1.081604218269217599e-01 0.000000000000000000e+00 5.680947388922416685e+00 1.081604218269217599e-01 -9.941334533905507032e-01 0.000000000000000000e+00 -1.353272292397383403e+01 0.000000000000000000e+00 0.000000000000000000e+00 1.000000000000000000e+00 0.000000000000000000e+00
-9.969772487258902194e-01 -7.769405075650456793e-02 0.000000000000000000e+00 5.692092125295806326e+00 7.769405075650458181e-02 -9.969772487258901084e-01 0.000000000000000000e+00 -1.340105745829977124e+01 0.000000000000000000e+00 0.000000000000000000e+00 1.000000000000000000e+00 0.000000000000000000e+00
-9.970949536653767042e-01 -7.616858522409523935e-02 0.000000000000000000e+00 5.702174621004784782e+00 7.616858522409525323e-02 -9.970949536653765932e-01 0.000000000000000000e+00 -1.324533224107315199e+01 0.000000000000000000e+00 0.000000000000000000e+00 1.000000000000000000e+00 0.000000000000000000e+00
-9.969772487258902194e-01 -7.769405075650456793e-02 0.000000000000000000e+00 5.713295365413332050e+00 7.769405075650458181e-02 -9.969772487258901084e-01 0.000000000000000000e+00 -1.308864679489578720e+01 0.000000000000000000e+00 0.000000000000000000e+00 1.000000000000000000e+00 0.000000000000000000e+00
-9.969772487258902194e-01 -7.769405075650456793e-02 0.000000000000000000e+00 5.723338851247900649e+00 7.769405075650458181e-02 -9.969772487258901084e-01 0.000000000000000000e+00 -1.293392081649431979e+01 0.000000000000000000e+00 0.000000000000000000e+00 1.000000000000000000e+00 0.000000000000000000e+00
-9.969772487258902194e-01 -7.769405075650456793e-02 0.000000000000000000e+00 5.734381575907622874e+00 7.769405075650458181e-02 -9.969772487258901084e-01 0.000000000000000000e+00 -1.277923384796726758e+01 0.000000000000000000e+00 0.000000000000000000e+00 1.000000000000000000e+00 0.000000000000000000e+00
-9.969772487258902194e-01 -7.769405075650456793e-02 0.000000000000000000e+00 5.744425061742188809e+00 7.769405075650458181e-02 -9.969772487258901084e-01 0.000000000000000000e+00 -1.262450786956580195e+01 0.000000000000000000e+00 0.000000000000000000e+00 1.000000000000000000e+00 0.000000000000000000e+00
-9.969772487258902194e-01 -7.769405075650456793e-02 0.000000000000000000e+00 5.754468547576756521e+00 7.769405075650458181e-02 -9.969772487258901084e-01 0.000000000000000000e+00 -1.246978189116433633e+01 0.000000000000000000e+00 0.000000000000000000e+00 1.000000000000000000e+00 0.000000000000000000e+00
-9.969772487258902194e-01 -7.769405075650456793e-02 0.000000000000000000e+00 5.765589291985303788e+00 7.769405075650458181e-02 -9.969772487258901084e-01 0.000000000000000000e+00 -1.231309644498697153e+01 0.000000000000000000e+00 0.000000000000000000e+00 1.000000000000000000e+00 0.000000000000000000e+00
-9.969772487258902194e-01 -7.769405075650456793e-02 0.000000000000000000e+00 5.786675502479592836e+00 7.769405075650458181e-02 -9.969772487258901084e-01 0.000000000000000000e+00 -1.200368349805845369e+01 0.000000000000000000e+00 0.000000000000000000e+00 1.000000000000000000e+00 0.000000000000000000e+00
-9.969772487258902194e-01 -7.769405075650456793e-02 0.000000000000000000e+00 5.796718988314160548e+00 7.769405075650458181e-02 -9.969772487258901084e-01 0.000000000000000000e+00 -1.184895751965698629e+01 0.000000000000000000e+00 0.000000000000000000e+00 1.000000000000000000e+00 0.000000000000000000e+00
-9.969772487258902194e-01 -7.769405075650456793e-02 0.000000000000000000e+00 5.807839732722707815e+00 7.769405075650458181e-02 -9.969772487258901084e-01 0.000000000000000000e+00 -1.169227207347962327e+01 0.000000000000000000e+00 0.000000000000000000e+00 1.000000000000000000e+00 0.000000000000000000e+00
-9.999999680262615653e-01 2.528783816305043793e-04 0.000000000000000000e+00 5.810321346775540796e+00 -2.528783816304913689e-04 -9.999999680262614543e-01 0.000000000000000000e+00 -1.165434000799812253e+01 0.000000000000000000e+00 0.000000000000000000e+00 1.000000000000000000e+00 0.000000000000000000e+00
-9.950337840235341513e-01 9.953777499927835004e-02 0.000000000000000000e+00 5.811164546103045225e+00 -9.953777499927833616e-02 -9.950337840235339293e-01 0.000000000000000000e+00 -1.165837597317315932e+01 0.000000000000000000e+00 0.000000000000000000e+00 1.000000000000000000e+00 0.000000000000000000e+00
-9.530075807705593594e-01 3.029464490530395238e-01 0.000000000000000000e+00 5.811164546103045225e+00 -3.029464490530394682e-01 -9.530075807705592483e-01 0.000000000000000000e+00 -1.165837597317315932e+01 0.000000000000000000e+00 0.000000000000000000e+00 1.000000000000000000e+00 0.000000000000000000e+00
-9.163926831478743651e-01 4.002804645158686281e-01 0.000000000000000000e+00 5.811164546103045225e+00 -4.002804645158685726e-01 -9.163926831478742541e-01 0.000000000000000000e+00 -1.165837597317315932e+01 0.000000000000000000e+00 0.000000000000000000e+00 1.000000000000000000e+00 0.000000000000000000e+00
-8.698674006838787998e-01 4.932856223603849788e-01 0.000000000000000000e+00 5.811164546103045225e+00 -4.932856223603849233e-01 -8.698674006838786887e-01 0.000000000000000000e+00 -1.165837597317315932e+01 0.000000000000000000e+00 0.000000000000000000e+00 1.000000000000000000e+00 0.000000000000000000e+00
-7.481857558736754177e-01 6.634893177043146295e-01 0.000000000000000000e+00 5.811164546103045225e+00 -6.634893177043145185e-01 -7.481857558736753067e-01 0.000000000000000000e+00 -1.165837597317315932e+01 0.000000000000000000e+00 0.000000000000000000e+00 1.000000000000000000e+00 0.000000000000000000e+00
-6.752351423090242610e-01 7.376025370014068772e-01 0.000000000000000000e+00 5.811164546103045225e+00 -7.376025370014068772e-01 -6.752351423090241500e-01 0.000000000000000000e+00 -1.165837597317315932e+01 0.000000000000000000e+00 0.000000000000000000e+00 1.000000000000000000e+00 0.000000000000000000e+00
-5.949821569099835727e-01 8.037389084514595661e-01 0.000000000000000000e+00 5.811164546103045225e+00 -8.037389084514594551e-01 -5.949821569099834617e-01 0.000000000000000000e+00 -1.165837597317315932e+01 0.000000000000000000e+00 0.000000000000000000e+00 1.000000000000000000e+00 0.000000000000000000e+00
-5.082947005061806411e-01 8.611831962116609507e-01 0.000000000000000000e+00 5.811164546103045225e+00 -8.611831962116608397e-01 -5.082947005061805301e-01 0.000000000000000000e+00 -1.165837597317315932e+01 0.000000000000000000e+00 0.000000000000000000e+00 1.000000000000000000e+00 0.000000000000000000e+00
-4.161102599083191800e-01 9.093141655110357213e-01 0.000000000000000000e+00 5.811164546103045225e+00 -9.093141655110354993e-01 -4.161102599083191245e-01 0.000000000000000000e+00 -1.165837597317315932e+01 0.000000000000000000e+00 0.000000000000000000e+00 1.000000000000000000e+00 0.000000000000000000e+00
-3.179755508028604960e-01 9.480989131370299861e-01 0.000000000000000000e+00 5.811164546103045225e+00 -9.480989131370298750e-01 -3.179755508028604960e-01 0.000000000000000000e+00 -1.165837597317315932e+01 0.000000000000000000e+00 0.000000000000000000e+00 1.000000000000000000e+00 0.000000000000000000e+00
-1.304406840878225005e-01 9.914561149817480157e-01 0.000000000000000000e+00 5.757439708791119770e+00 -9.914561149817477936e-01 -1.304406840878225005e-01 0.000000000000000000e+00 -1.165027400700394722e+01 0.000000000000000000e+00 0.000000000000000000e+00 1.000000000000000000e+00 0.000000000000000000e+00
-8.938399622537653022e-02 9.959972395638362341e-01 0.000000000000000000e+00 5.641723054445134444e+00 -9.959972395638362341e-01 -8.938399622537653022e-02 0.000000000000000000e+00 -1.164075266744631421e+01 0.000000000000000000e+00 0.000000000000000000e+00 1.000000000000000000e+00 0.000000000000000000e+00
-9.090776678789118381e-02 9.958593163382257751e-01 0.000000000000000000e+00 5.309444644161273708e+00 -9.958593163382256641e-01 -9.090776678789118381e-02 0.000000000000000000e+00 -1.161577151336506830e+01 0.000000000000000000e+00 0.000000000000000000e+00 1.000000000000000000e+00 0.000000000000000000e+00
-1.137367922323652414e-01 9.935109169469109602e-01 0.000000000000000000e+00 5.174820471886157236e+00 -9.935109169469108492e-01 -1.137367922323652414e-01 0.000000000000000000e+00 -1.160351050854328570e+01 0.000000000000000000e+00 0.000000000000000000e+00 1.000000000000000000e+00 0.000000000000000000e+00
-1.137367922323652414e-01 9.935109169469109602e-01 0.000000000000000000e+00 5.026284975807687516e+00 -9.935109169469108492e-01 -1.137367922323652414e-01 0.000000000000000000e+00 -1.158870488782941521e+01 0.000000000000000000e+00 0.000000000000000000e+00 1.000000000000000000e+00 0.000000000000000000e+00
-1.152567302190356385e-01 9.933357368680623134e-01 0.000000000000000000e+00 4.877749479729218685e+00 -9.933357368680622024e-01 -1.152567302190356385e-01 0.000000000000000000e+00 -1.157389926711554828e+01 0.000000000000000000e+00 0.000000000000000000e+00 1.000000000000000000e+00 0.000000000000000000e+00
-1.152567302190356385e-01 9.933357368680623134e-01 0.000000000000000000e+00 4.729213983650748965e+00 -9.933357368680622024e-01 -1.152567302190356385e-01 0.000000000000000000e+00 -1.155909364640167780e+01 0.000000000000000000e+00 0.000000000000000000e+00 1.000000000000000000e+00 0.000000000000000000e+00
-1.152567302190356385e-01 9.933357368680623134e-01 0.000000000000000000e+00 4.572723586845446775e+00 -9.933357368680622024e-01 -1.152567302190356385e-01 0.000000000000000000e+00 -1.154297670786735175e+01 0.000000000000000000e+00 0.000000000000000000e+00 1.000000000000000000e+00 0.000000000000000000e+00
-1.137367922323652414e-01 9.935109169469109602e-01 0.000000000000000000e+00 4.413196463690265858e+00 -9.935109169469108492e-01 -1.137367922323652414e-01 0.000000000000000000e+00 -1.152774197853494442e+01 0.000000000000000000e+00 0.000000000000000000e+00 1.000000000000000000e+00 0.000000000000000000e+00
-1.137367922323652414e-01 9.935109169469109602e-01 0.000000000000000000e+00 4.253708350409498351e+00 -9.935109169469108492e-01 -1.137367922323652414e-01 0.000000000000000000e+00 -1.151150801037738169e+01 0.000000000000000000e+00 0.000000000000000000e+00 1.000000000000000000e+00 0.000000000000000000e+00
-1.137367922323652414e-01 9.935109169469109602e-01 0.000000000000000000e+00 4.089224043002952058e+00 -9.935109169469108492e-01 -1.137367922323652414e-01 0.000000000000000000e+00 -1.149507899284775547e+01 0.000000000000000000e+00 0.000000000000000000e+00 1.000000000000000000e+00 0.000000000000000000e+00
-1.015680024710663987e-01 9.948285987415306231e-01 0.000000000000000000e+00 3.929735929722183663e+00 -9.948285987415305121e-01 -1.015680024710663987e-01 0.000000000000000000e+00 -1.147884502469019097e+01 0.000000000000000000e+00 0.000000000000000000e+00 1.000000000000000000e+00 0.000000000000000000e+00
-1.030899707530529841e-01 9.946720353614726395e-01 0.000000000000000000e+00 3.596614320110818497e+00 -9.946720353614725285e-01 -1.030899707530529841e-01 0.000000000000000000e+00 -1.144982790543391182e+01 0.000000000000000000e+00 0.000000000000000000e+00 1.000000000000000000e+00 0.000000000000000000e+00
-1.030899707530529841e-01 9.946720353614726395e-01 0.000000000000000000e+00 3.431052754130291316e+00 -9.946720353614725285e-01 -1.030899707530529841e-01 0.000000000000000000e+00 -1.143535835568018477e+01 0.000000000000000000e+00 0.000000000000000000e+00 1.000000000000000000e+00 0.000000000000000000e+00
-1.030899707530529841e-01 9.946720353614726395e-01 0.000000000000000000e+00 3.263531720373865408e+00 -9.946720353614725285e-01 -1.030899707530529841e-01 0.000000000000000000e+00 -1.141981154735247728e+01 0.000000000000000000e+00 0.000000000000000000e+00 1.000000000000000000e+00 0.000000000000000000e+00
-1.030899707530529841e-01 9.946720353614726395e-01 0.000000000000000000e+00 3.014190132577919012e+00 -9.946720353614725285e-01 -1.030899707530529841e-01 0.000000000000000000e+00 -1.139806821284747329e+01 0.000000000000000000e+00 0.000000000000000000e+00 1.000000000000000000e+00 0.000000000000000000e+00
-1.030899707530529841e-01 9.946720353614726395e-01 0.000000000000000000e+00 2.847629327772236874e+00 -9.946720353614725285e-01 -1.030899707530529841e-01 0.000000000000000000e+00 -1.138355965321933283e+01 0.000000000000000000e+00 0.000000000000000000e+00 1.000000000000000000e+00 0.000000000000000000e+00
-6.803086209694556019e-02 9.976832171598088994e-01 0.000000000000000000e+00 2.532415997264847007e+00 -9.976832171598086774e-01 -6.803086209694556019e-02 0.000000000000000000e+00 -1.135724318935279165e+01 0.000000000000000000e+00 0.000000000000000000e+00 1.000000000000000000e+00 0.000000000000000000e+00
-2.065198010242065910e-02 9.997867251158365498e-01 0.000000000000000000e+00 2.400477462469896572e+00 -9.997867251158364388e-01 -2.065198010242066604e-02 0.000000000000000000e+00 -1.135309312475549071e+01 0.000000000000000000e+00 0.000000000000000000e+00 1.000000000000000000e+00 0.000000000000000000e+00
1.198179919473077309e-01 9.927958746921315969e-01 0.000000000000000000e+00 2.236290216149080301e+00 -9.927958746921315969e-01 1.198179919473077032e-01 0.000000000000000000e+00 -1.135468941595307690e+01 0.000000000000000000e+00 0.000000000000000000e+00 1.000000000000000000e+00 0.000000000000000000e+00
2.252567507349221010e-01 9.742994386985682764e-01 0.000000000000000000e+00 2.228218285799010268e+00 -9.742994386985681654e-01 2.252567507349221010e-01 0.000000000000000000e+00 -1.135637581460808754e+01 0.000000000000000000e+00 0.000000000000000000e+00 1.000000000000000000e+00 0.000000000000000000e+00
3.266685113307092880e-01 9.451389758680880382e-01 0.000000000000000000e+00 2.189740082075734673e+00 -9.451389758680879272e-01 3.266685113307092325e-01 0.000000000000000000e+00 -1.136788354410743374e+01 0.000000000000000000e+00 0.000000000000000000e+00 1.000000000000000000e+00 0.000000000000000000e+00
4.230570813799702234e-01 9.061030327144155017e-01 0.000000000000000000e+00 2.153104316505120686e+00 -9.061030327144155017e-01 4.230570813799701124e-01 0.000000000000000000e+00 -1.138346624865622658e+01 0.000000000000000000e+00 0.000000000000000000e+00 1.000000000000000000e+00 0.000000000000000000e+00
5.109345029102995150e-01 8.596196448056577788e-01 0.000000000000000000e+00 2.130652943858747150e+00 -8.596196448056576678e-01 5.109345029102995150e-01 0.000000000000000000e+00 -1.139459889732101772e+01 0.000000000000000000e+00 0.000000000000000000e+00 1.000000000000000000e+00 0.000000000000000000e+00
5.974453065833865706e-01 8.019096617708776353e-01 0.000000000000000000e+00 2.130652943858747150e+00 -8.019096617708775243e-01 5.974453065833864596e-01 0.000000000000000000e+00 -1.139459889732101772e+01 0.000000000000000000e+00 0.000000000000000000e+00 1.000000000000000000e+00 0.000000000000000000e+00
6.786195648433107630e-01 7.344899497010668465e-01 0.000000000000000000e+00 2.130613933984334629e+00 -7.344899497010667355e-01 6.786195648433106520e-01 0.000000000000000000e+00 -1.139559813614617312e+01 0.000000000000000000e+00 0.000000000000000000e+00 1.000000000000000000e+00 0.000000000000000000e+00
7.522376129137552381e-01 6.588919287089615162e-01 0.000000000000000000e+00 2.129575685284766706e+00 -6.588919287089614052e-01 7.522376129137552381e-01 0.000000000000000000e+00 -1.139655836509691689e+01 0.000000000000000000e+00 0.000000000000000000e+00 1.000000000000000000e+00 0.000000000000000000e+00
8.130497863722410123e-01 5.821941642442436393e-01 0.000000000000000000e+00 2.104267617751006014e+00 -5.821941642442435283e-01 8.130497863722409013e-01 0.000000000000000000e+00 -1.142959624816630537e+01 0.000000000000000000e+00 0.000000000000000000e+00 1.000000000000000000e+00 0.000000000000000000e+00
8.653065113144997600e-01 5.012430961885954162e-01 0.000000000000000000e+00 2.093612061634436472e+00 -5.012430961885953051e-01 8.653065113144997600e-01 0.000000000000000000e+00 -1.144619320944982555e+01 0.000000000000000000e+00 0.000000000000000000e+00 1.000000000000000000e+00 0.000000000000000000e+00
9.126828586045410141e-01 4.086685693926598861e-01 0.000000000000000000e+00 2.093612061634436472e+00 -4.086685693926598306e-01 9.126828586045410141e-01 0.000000000000000000e+00 -1.144619320944982555e+01 0.000000000000000000e+00 0.000000000000000000e+00 1.000000000000000000e+00 0.000000000000000000e+00
9.501889411781857531e-01 3.116744713040804915e-01 0.000000000000000000e+00 2.093612061634436472e+00 -3.116744713040804915e-01 9.501889411781857531e-01 0.000000000000000000e+00 -1.144619320944982555e+01 0.000000000000000000e+00 0.000000000000000000e+00 1.000000000000000000e+00 0.000000000000000000e+00
9.774191472065419939e-01 2.113097505417964872e-01 0.000000000000000000e+00 2.093612061634436472e+00 -2.113097505417964594e-01 9.774191472065418829e-01 0.000000000000000000e+00 -1.144619320944982555e+01 0.000000000000000000e+00 0.000000000000000000e+00 1.000000000000000000e+00 0.000000000000000000e+00
9.928582219532038344e-01 1.193002560765162312e-01 0.000000000000000000e+00 2.089248999554530695e+00 -1.193002560765162312e-01 9.928582219532038344e-01 0.000000000000000000e+00 -1.148104953870703326e+01 0.000000000000000000e+00 0.000000000000000000e+00 1.000000000000000000e+00 0.000000000000000000e+00
9.980177252000697052e-01 6.293345840233365018e-02 0.000000000000000000e+00 2.077107954556957736e+00 -6.293345840233365018e-02 9.980177252000695942e-01 0.000000000000000000e+00 -1.174077361349866067e+01 0.000000000000000000e+00 0.000000000000000000e+00 1.000000000000000000e+00 0.000000000000000000e+00
9.975070858353916048e-01 7.056637802937548720e-02 0.000000000000000000e+00 2.062392257848156163e+00 -7.056637802937548720e-02 9.975070858353914938e-01 0.000000000000000000e+00 -1.206644745075055702e+01 0.000000000000000000e+00 0.000000000000000000e+00 1.000000000000000000e+00 0.000000000000000000e+00
9.963107114348859206e-01 8.581938172762365591e-02 0.000000000000000000e+00 2.053543060210807791e+00 -8.581938172762365591e-02 9.963107114348858095e-01 0.000000000000000000e+00 -1.221621624490065727e+01 0.000000000000000000e+00 0.000000000000000000e+00 1.000000000000000000e+00 0.000000000000000000e+00
9.945672378345086218e-01 1.040961547139757637e-01 0.000000000000000000e+00 2.042929444169623299e+00 -1.040961547139757776e-01 9.945672378345085107e-01 0.000000000000000000e+00 -1.235991158635099829e+01 0.000000000000000000e+00 0.000000000000000000e+00 1.000000000000000000e+00 0.000000000000000000e+00
9.937418078795219323e-01 1.117014739040591009e-01 0.000000000000000000e+00 2.014224403908643879e+00 -1.117014739040591009e-01 9.937418078795219323e-01 0.000000000000000000e+00 -1.268503928536111935e+01 0.000000000000000000e+00 0.000000000000000000e+00 1.000000000000000000e+00 0.000000000000000000e+00
9.926745305419415466e-01 1.208191889284808557e-01 0.000000000000000000e+00 2.000418022019929687e+00 -1.208191889284808557e-01 9.926745305419414356e-01 0.000000000000000000e+00 -1.283361379131400071e+01 0.000000000000000000e+00 0.000000000000000000e+00 1.000000000000000000e+00 0.000000000000000000e+00
9.924885153793239212e-01 1.223378389548613193e-01 0.000000000000000000e+00 1.984184053862366737e+00 -1.223378389548613332e-01 9.924885153793236992e-01 0.000000000000000000e+00 -1.299310190459476999e+01 0.000000000000000000e+00 0.000000000000000000e+00 1.000000000000000000e+00 0.000000000000000000e+00
9.898591050548747328e-01 1.420526386237235816e-01 0.000000000000000000e+00 1.969003352313942301e+00 -1.420526386237235816e-01 9.898591050548747328e-01 0.000000000000000000e+00 -1.312561056959633810e+01 0.000000000000000000e+00 0.000000000000000000e+00 1.000000000000000000e+00 0.000000000000000000e+00
9.855721135092941898e-01 1.692560458974012583e-01 0.000000000000000000e+00 1.950902954038876258e+00 -1.692560458974012305e-01 9.855721135092939678e-01 0.000000000000000000e+00 -1.325600372732435694e+01 0.000000000000000000e+00 0.000000000000000000e+00 1.000000000000000000e+00 0.000000000000000000e+00
9.825840909172336435e-01 1.858184713002274946e-01 0.000000000000000000e+00 1.927221213521844057e+00 -1.858184713002274668e-01 9.825840909172335325e-01 0.000000000000000000e+00 -1.340119041805764510e+01 0.000000000000000000e+00 0.000000000000000000e+00 1.000000000000000000e+00 0.000000000000000000e+00
9.822986387017399457e-01 1.873216068816101199e-01 0.000000000000000000e+00 1.920976703414864595e+00 -1.873216068816101199e-01 9.822986387017399457e-01 0.000000000000000000e+00 -1.343297101109056157e+01 0.000000000000000000e+00 0.000000000000000000e+00 1.000000000000000000e+00 0.000000000000000000e+00
9.885133715397265153e-01 1.511334320630704220e-01 0.000000000000000000e+00 1.911173320681071930e+00 -1.511334320630704220e-01 9.885133715397262932e-01 0.000000000000000000e+00 -1.350464313738087796e+01 0.000000000000000000e+00 0.000000000000000000e+00 1.000000000000000000e+00 0.000000000000000000e+00
9.885133715397265153e-01 1.511334320630704220e-01 0.000000000000000000e+00 1.888787880074925152e+00 -1.511334320630704220e-01 9.885133715397262932e-01 0.000000000000000000e+00 -1.366789414671579195e+01 0.000000000000000000e+00 0.000000000000000000e+00 1.000000000000000000e+00 0.000000000000000000e+00
9.885133715397265153e-01 1.511334320630704220e-01 0.000000000000000000e+00 1.867245638796283691e+00 -1.511334320630704220e-01 9.885133715397262932e-01 0.000000000000000000e+00 -1.383518112122574273e+01 0.000000000000000000e+00 0.000000000000000000e+00 1.000000000000000000e+00 0.000000000000000000e+00
9.885133715397265153e-01 1.511334320630704220e-01 0.000000000000000000e+00 1.844782178441311871e+00 -1.511334320630704220e-01 9.885133715397262932e-01 0.000000000000000000e+00 -1.400043060821096930e+01 0.000000000000000000e+00 0.000000000000000000e+00 1.000000000000000000e+00 0.000000000000000000e+00
9.885133715397265153e-01 1.511334320630704220e-01 0.000000000000000000e+00 1.822240698337514564e+00 -1.511334320630704220e-01 9.885133715397262932e-01 0.000000000000000000e+00 -1.416767857284650667e+01 0.000000000000000000e+00 0.000000000000000000e+00 1.000000000000000000e+00 0.000000000000000000e+00
9.889712111018200691e-01 1.481078782907888913e-01 0.000000000000000000e+00 1.799777237982542744e+00 -1.481078782907888636e-01 9.889712111018200691e-01 0.000000000000000000e+00 -1.433292805983173324e+01 0.000000000000000000e+00 0.000000000000000000e+00 1.000000000000000000e+00 0.000000000000000000e+00
9.919165317649597524e-01 1.268920565337861850e-01 0.000000000000000000e+00 1.780272484228624830e+00 -1.268920565337861850e-01 9.919165317649596414e-01 0.000000000000000000e+00 -1.449929381526535366e+01 0.000000000000000000e+00 0.000000000000000000e+00 1.000000000000000000e+00 0.000000000000000000e+00
9.935697415662544385e-01 1.132217675359564329e-01 0.000000000000000000e+00 1.747258409671722967e+00 -1.132217675359564191e-01 9.935697415662544385e-01 0.000000000000000000e+00 -1.483225938537906963e+01 0.000000000000000000e+00 0.000000000000000000e+00 1.000000000000000000e+00 0.000000000000000000e+00
9.935697415662544385e-01 1.132217675359564329e-01 0.000000000000000000e+00 1.731750611218427327e+00 -1.132217675359564191e-01 9.935697415662544385e-01 0.000000000000000000e+00 -1.499878118031034013e+01 0.000000000000000000e+00 0.000000000000000000e+00 1.000000000000000000e+00 0.000000000000000000e+00
9.935697415662544385e-01 1.132217675359564329e-01 0.000000000000000000e+00 1.716242812765132131e+00 -1.132217675359564191e-01 9.935697415662544385e-01 0.000000000000000000e+00 -1.516530297524160886e+01 0.000000000000000000e+00 0.000000000000000000e+00 1.000000000000000000e+00 0.000000000000000000e+00
9.935697415662544385e-01 1.132217675359564329e-01 0.000000000000000000e+00 1.699735775486680867e+00 -1.132217675359564191e-01 9.935697415662544385e-01 0.000000000000000000e+00 -1.533178576029846596e+01 0.000000000000000000e+00 0.000000000000000000e+00 1.000000000000000000e+00 0.000000000000000000e+00
9.921095155472327010e-01 1.253742763115113790e-01 0.000000000000000000e+00 1.684774115275160966e+00 -1.253742763115113512e-01 9.921095155472325899e-01 0.000000000000000000e+00 -1.548431821167755906e+01 0.000000000000000000e+00 0.000000000000000000e+00 1.000000000000000000e+00 0.000000000000000000e+00
9.935608392662182986e-01 1.132998617678233483e-01 0.000000000000000000e+00 1.668833556308152666e+00 -1.132998617678233483e-01 9.935608392662181876e-01 0.000000000000000000e+00 -1.564551907451587809e+01 0.000000000000000000e+00 0.000000000000000000e+00 1.000000000000000000e+00 0.000000000000000000e+00
9.983859920547012434e-01 5.679270084218589199e-02 0.000000000000000000e+00 1.664591706751147315e+00 -5.679270084218589199e-02 9.983859920547011324e-01 0.000000000000000000e+00 -1.581928586740892584e+01 0.000000000000000000e+00 0.000000000000000000e+00 1.000000000000000000e+00 0.000000000000000000e+00
9.999062157062854617e-01 1.369524705638175063e-02 0.000000000000000000e+00 1.667855100449654238e+00 -1.369524705638176278e-02 9.999062157062853506e-01 0.000000000000000000e+00 -1.599434642367895165e+01 0.000000000000000000e+00 0.000000000000000000e+00 1.000000000000000000e+00 0.000000000000000000e+00
9.993994257126926906e-01 3.465238642777741102e-02 0.000000000000000000e+00 1.663737185085242043e+00 -3.465238642777742489e-02 9.993994257126925795e-01 0.000000000000000000e+00 -1.615981173234832013e+01 0.000000000000000000e+00 0.000000000000000000e+00 1.000000000000000000e+00 0.000000000000000000e+00
9.984864914831172999e-01 5.499751199586089268e-02 0.000000000000000000e+00 1.656148010010098259e+00 -5.499751199586089961e-02 9.984864914831171889e-01 0.000000000000000000e+00 -1.632524160063600505e+01 0.000000000000000000e+00 0.000000000000000000e+00 1.000000000000000000e+00 0.000000000000000000e+00
9.983339492530595161e-01 5.770030995401609353e-02 0.000000000000000000e+00 1.648260711588414251e+00 -5.770030995401610047e-02 9.983339492530594050e-01 0.000000000000000000e+00 -1.649446272497810995e+01 0.000000000000000000e+00 0.000000000000000000e+00 1.000000000000000000e+00 0.000000000000000000e+00
9.983855660813653055e-01 5.680018873552893782e-02 0.000000000000000000e+00 1.640711714849392155e+00 -5.680018873552894476e-02 9.983855660813651944e-01 0.000000000000000000e+00 -1.666219591384732368e+01 0.000000000000000000e+00 0.000000000000000000e+00 1.000000000000000000e+00 0.000000000000000000e+00
9.985874900181401781e-01 5.313214450096002267e-02 0.000000000000000000e+00 1.619336636976054677e+00 -5.313214450096003655e-02 9.985874900181400671e-01 0.000000000000000000e+00 -1.716844742065584839e+01 0.000000000000000000e+00 0.000000000000000000e+00 1.000000000000000000e+00 0.000000000000000000e+00
9.986685472442413669e-01 5.158616815655807375e-02 0.000000000000000000e+00 1.612657937693511734e+00 -5.158616815655807375e-02 9.986685472442411449e-01 0.000000000000000000e+00 -1.733721534733593117e+01 0.000000000000000000e+00 0.000000000000000000e+00 1.000000000000000000e+00 0.000000000000000000e+00
9.987553243848652507e-01 4.987787097383447610e-02 0.000000000000000000e+00 1.606245131906319124e+00 -4.987787097383448304e-02 9.987553243848652507e-01 0.000000000000000000e+00 -1.750609373056462204e+01 0.000000000000000000e+00 0.000000000000000000e+00 1.000000000000000000e+00 0.000000000000000000e+00
9.988469913014734747e-01 4.800716579839169051e-02 0.000000000000000000e+00 1.600135998754114830e+00 -4.800716579839169745e-02 9.988469913014733637e-01 0.000000000000000000e+00 -1.767488389287312245e+01 0.000000000000000000e+00 0.000000000000000000e+00 1.000000000000000000e+00 0.000000000000000000e+00
9.989426732204018666e-01 4.597320544923467339e-02 0.000000000000000000e+00 1.594356614414211837e+00 -4.597320544923468033e-02 9.989426732204017556e-01 0.000000000000000000e+00 -1.784368692844017446e+01 0.000000000000000000e+00 0.000000000000000000e+00 1.000000000000000000e+00 0.000000000000000000e+00
9.996365344853950230e-01 2.695920848299787273e-02 0.000000000000000000e+00 1.589504665097583036e+00 -2.695920848299788314e-02 9.996365344853949120e-01 0.000000000000000000e+00 -1.800642152398711815e+01 0.000000000000000000e+00 0.000000000000000000e+00 1.000000000000000000e+00 0.000000000000000000e+00
9.996973743718259309e-01 2.459999337555587168e-02 0.000000000000000000e+00 1.587454152149582631e+00 -2.459999337555587862e-02 9.996973743718257088e-01 0.000000000000000000e+00 -1.817506990463943950e+01 0.000000000000000000e+00 0.000000000000000000e+00 1.000000000000000000e+00 0.000000000000000000e+00
9.998122044685597842e-01 1.937926200139768879e-02 0.000000000000000000e+00 1.584589991983405666e+00 -1.937926200139769919e-02 9.998122044685596732e-01 0.000000000000000000e+00 -1.851221480032457833e+01 0.000000000000000000e+00 0.000000000000000000e+00 1.000000000000000000e+00 0.000000000000000000e+00
9.998871632391843622e-01 1.502201016830841986e-02 0.000000000000000000e+00 1.582842433594870313e+00 -1.502201016830842853e-02 9.998871632391842512e-01 0.000000000000000000e+00 -1.884049650806912979e+01 0.000000000000000000e+00 0.000000000000000000e+00 1.000000000000000000e+00 0.000000000000000000e+00
9.994465648407476754e-01 3.326505716257296963e-02 0.000000000000000000e+00 1.581198956657753119e+00 -3.326505716257297657e-02 9.994465648407475644e-01 0.000000000000000000e+00 -1.897513487958169875e+01 0.000000000000000000e+00 0.000000000000000000e+00 1.000000000000000000e+00 0.000000000000000000e+00
9.995516243461637362e-01 2.994244924760660828e-02 0.000000000000000000e+00 1.578013692275813229e+00 -2.994244924760661175e-02 9.995516243461636252e-01 0.000000000000000000e+00 -1.914413926470474436e+01 0.000000000000000000e+00 0.000000000000000000e+00 1.000000000000000000e+00 0.000000000000000000e+00
9.994692762268196917e-01 3.257554111042808981e-02 0.000000000000000000e+00 1.574751763425957130e+00 -3.257554111042809675e-02 9.994692762268195807e-01 0.000000000000000000e+00 -1.930613532459565107e+01 0.000000000000000000e+00 0.000000000000000000e+00 1.000000000000000000e+00 0.000000000000000000e+00
9.990216382293410913e-01 4.422404718661028522e-02 0.000000000000000000e+00 1.571298393171382202e+00 -4.422404718661029216e-02 9.990216382293409803e-01 0.000000000000000000e+00 -1.946021789283062375e+01 0.000000000000000000e+00 0.000000000000000000e+00 1.000000000000000000e+00 0.000000000000000000e+00
9.983599163606314830e-01 5.724925680210143225e-02 0.000000000000000000e+00 1.565334263213000732e+00 -5.724925680210143919e-02 9.983599163606313720e-01 0.000000000000000000e+00 -1.961350190880697397e+01 0.000000000000000000e+00 0.000000000000000000e+00 1.000000000000000000e+00 0.000000000000000000e+00
9.985779580353603135e-01 5.331099066731128516e-02 0.000000000000000000e+00 1.557516431669780266e+00 -5.331099066731129210e-02 9.985779580353602025e-01 0.000000000000000000e+00 -1.978222536423022859e+01 0.000000000000000000e+00 0.000000000000000000e+00 1.000000000000000000e+00 0.000000000000000000e+00
9.987884494921434042e-01 4.921009206535117975e-02 0.000000000000000000e+00 1.551365138551200840e+00 -4.921009206535118669e-02 9.987884494921431822e-01 0.000000000000000000e+00 -1.995081372827997512e+01 0.000000000000000000e+00 0.000000000000000000e+00 1.000000000000000000e+00 0.000000000000000000e+00
9.996043164561025929e-01 2.812846462798550620e-02 0.000000000000000000e+00 1.546116435013356938e+00 -2.812846462798551314e-02 9.996043164561025929e-01 0.000000000000000000e+00 -2.011243199677450377e+01 0.000000000000000000e+00 0.000000000000000000e+00 1.000000000000000000e+00 0.000000000000000000e+00
9.998921806261410472e-01 1.468424743391775339e-02 0.000000000000000000e+00 1.543804977091702835e+00 -1.468424743391775859e-02 9.998921806261409362e-01 0.000000000000000000e+00 -2.034031528611858519e+01 0.000000000000000000e+00 0.000000000000000000e+00 1.000000000000000000e+00 0.000000000000000000e+00
9.999497152639581499e-01 1.002830711182767752e-02 0.000000000000000000e+00 1.543562606577937313e+00 -1.002830711182768793e-02 9.999497152639580388e-01 0.000000000000000000e+00 -2.050853387503352820e+01 0.000000000000000000e+00 0.000000000000000000e+00 1.000000000000000000e+00 0.000000000000000000e+00
9.997053420712840310e-01 -2.427404033400802977e-02 0.000000000000000000e+00 1.548429404826501710e+00 2.427404033400801936e-02 9.997053420712839200e-01 0.000000000000000000e+00 -2.084477967006271015e+01 0.000000000000000000e+00 0.000000000000000000e+00 1.000000000000000000e+00 0.000000000000000000e+00
9.995201357288010513e-01 -3.097576912167458382e-02 0.000000000000000000e+00 1.555717394066967962e+00 3.097576912167456994e-02 9.995201357288009403e-01 0.000000000000000000e+00 -2.101339231731323665e+01 0.000000000000000000e+00 0.000000000000000000e+00 1.000000000000000000e+00 0.000000000000000000e+00
9.993400355261876644e-01 -3.632483165161425054e-02 0.000000000000000000e+00 1.563898606849263739e+00 3.632483165161423666e-02 9.993400355261875534e-01 0.000000000000000000e+00 -2.118193975946947916e+01 0.000000000000000000e+00 0.000000000000000000e+00 1.000000000000000000e+00 0.000000000000000000e+00
9.993792508450956014e-01 -3.522943343704762476e-02 0.000000000000000000e+00 1.572130301721265555e+00 3.522943343704761088e-02 9.993792508450954903e-01 0.000000000000000000e+00 -2.133227530849076814e+01 0.000000000000000000e+00 0.000000000000000000e+00 1.000000000000000000e+00 0.000000000000000000e+00
9.999996370268967594e-01 -8.520246914452422621e-04 0.000000000000000000e+00 1.579884336350086516e+00 8.520246914452328296e-04 9.999996370268965373e-01 0.000000000000000000e+00 -2.138461763406935745e+01 0.000000000000000000e+00 0.000000000000000000e+00 1.000000000000000000e+00 0.000000000000000000e+00
9.995841336701047908e-01 2.883677712550301517e-02 0.000000000000000000e+00 1.582371920624440431e+00 -2.883677712550302211e-02 9.995841336701046798e-01 0.000000000000000000e+00 -2.167593641895025058e+01 0.000000000000000000e+00 0.000000000000000000e+00 1.000000000000000000e+00 0.000000000000000000e+00
9.993203536554281508e-01 3.686232182039167471e-02 0.000000000000000000e+00 1.579843461650521919e+00 -3.686232182039168165e-02 9.993203536554280397e-01 0.000000000000000000e+00 -2.182965479064087688e+01 0.000000000000000000e+00 0.000000000000000000e+00 1.000000000000000000e+00 0.000000000000000000e+00
9.982805538543209067e-01 5.861685590604784335e-02 0.000000000000000000e+00 1.576274270543569278e+00 -5.861685590604784335e-02 9.982805538543207957e-01 0.000000000000000000e+00 -2.197132339151927383e+01 0.000000000000000000e+00 0.000000000000000000e+00 1.000000000000000000e+00 0.000000000000000000e+00
9.977593930406435385e-01 6.690436158552356960e-02 0.000000000000000000e+00 1.560270306645795690e+00 -6.690436158552356960e-02 9.977593930406434275e-01 0.000000000000000000e+00 -2.229564594506675590e+01 0.000000000000000000e+00 0.000000000000000000e+00 1.000000000000000000e+00 0.000000000000000000e+00
9.995340783087187653e-01 3.052255394851453515e-02 0.000000000000000000e+00 1.555289122940393121e+00 -3.052255394851454556e-02 9.995340783087186542e-01 0.000000000000000000e+00 -2.244656650665096009e+01 0.000000000000000000e+00 0.000000000000000000e+00 1.000000000000000000e+00 0.000000000000000000e+00
9.992009874952335613e-01 3.996731900628262835e-02 0.000000000000000000e+00 1.552990155567012032e+00 -3.996731900628262835e-02 9.992009874952335613e-01 0.000000000000000000e+00 -2.260619833195223904e+01 0.000000000000000000e+00 0.000000000000000000e+00 1.000000000000000000e+00 0.000000000000000000e+00
9.981003591558110788e-01 6.160903385901204260e-02 0.000000000000000000e+00 1.548802729396305145e+00 -6.160903385901204954e-02 9.981003591558109678e-01 0.000000000000000000e+00 -2.274293906458909120e+01 0.000000000000000000e+00 0.000000000000000000e+00 1.000000000000000000e+00 0.000000000000000000e+00
9.952719752513923268e-01 9.712721183680687875e-02 0.000000000000000000e+00 1.529488904136017791e+00 -9.712721183680687875e-02 9.952719752513921048e-01 0.000000000000000000e+00 -2.303130513168752458e+01 0.000000000000000000e+00 0.000000000000000000e+00 1.000000000000000000e+00 0.000000000000000000e+00
9.971097080814614877e-01 7.597519364702473577e-02 0.000000000000000000e+00 1.516985997783726114e+00 -7.597519364702474964e-02 9.971097080814612656e-01 0.000000000000000000e+00 -2.319083882791733586e+01 0.000000000000000000e+00 0.000000000000000000e+00 1.000000000000000000e+00 0.000000000000000000e+00
9.979543886393792418e-01 6.392994756295981851e-02 0.000000000000000000e+00 1.508999797431186396e+00 -6.392994756295983239e-02 9.979543886393791308e-01 0.000000000000000000e+00 -2.335695372972908856e+01 0.000000000000000000e+00 0.000000000000000000e+00 1.000000000000000000e+00 0.000000000000000000e+00
9.984062711496329845e-01 5.643507534402216613e-02 0.000000000000000000e+00 1.501986759726488874e+00 -5.643507534402216613e-02 9.984062711496328735e-01 0.000000000000000000e+00 -2.352300654723650553e+01 0.000000000000000000e+00 0.000000000000000000e+00 1.000000000000000000e+00 0.000000000000000000e+00
9.999951069511098245e-01 3.128270103197887137e-03 0.000000000000000000e+00 1.495242589645945364e+00 -3.128270103197898847e-03 9.999951069511096025e-01 0.000000000000000000e+00 -2.384648968523588763e+01 0.000000000000000000e+00 0.000000000000000000e+00 1.000000000000000000e+00 0.000000000000000000e+00
