-9.936628015024492333e-01 -1.124021214670940932e-01 0.000000000000000000e+00 5.526815267563684131e+00 1.124021214670945928e-01 -9.936628015024492333e-01 0.000000000000000000e+00 -1.504196624642088587e+01 0.000000000000000000e+00 0.000000000000000000e+00 1.000000000000000000e+00 0.000000000000000000e+00
-9.936628015024492333e-01 -1.124021214670940932e-01 0.000000000000000000e+00 5.526815267563684131e+00 1.124021214670945928e-01 -9.936628015024492333e-01 0.000000000000000000e+00 -1.504196624642088587e+01 0.000000000000000000e+00 0.000000000000000000e+00 1.000000000000000000e+00 0.000000000000000000e+00
-9.936628015024492333e-01 -1.124021214670940932e-01 0.000000000000000000e+00 5.526815267563684131e+00 1.124021214670945928e-01 -9.936628015024492333e-01 0.000000000000000000e+00 -1.504196624642088587e+01 0.000000000000000000e+00 0.000000000000000000e+00 1.000000000000000000e+00 0.000000000000000000e+00
-9.936628015024492333e-01 -1.124021214670940932e-01 0.000000000000000000e+00 5.526815267563684131e+00 1.124021214670945928e-01 -9.936628015024492333e-01 0.000000000000000000e+00 -1.504196624642088587e+01 0.000000000000000000e+00 0.000000000000000000e+00 1.000000000000000000e+00 0.000000000000000000e+00
-9.936628015024492333e-01 -1.124021214670940932e-01 0.000000000000000000e+00 5.526815267563684131e+00 1.124021214670945928e-01 -9.936628015024492333e-01 0.000000000000000000e+00 -1.504196624642088587e+01 0.000000000000000000e+00 0.000000000000000000e+00 1.000000000000000000e+00 0.000000000000000000e+00
-9.936628015024492333e-01 -1.124021214670940932e-01 0.000000000000000000e+00 5.526815267563684131e+00 1.124021214670945928e-01 -9.936628015024492333e-01 0.000000000000000000e+00 -1.504196624642088587e+01 0.000000000000000000e+00 0.000000000000000000e+00 1.000000000000000000e+00 0.000000000000000000e+00
-9.936628015024492333e-01 -1.124021214670940932e-01 0.000000000000000000e+00 5.526815267563684131e+00 1.124021214670945928e-01 -9.936628015024492333e-01 0.000000000000000000e+00 -1.504196624642088587e+01 0.000000000000000000e+00 0.000000000000000000e+00 1.000000000000000000e+00 0.000000000000000000e+00
-9.936628015024492333e-01 -1.124021214670940932e-01 0.000000000000000000e+00 5.526815267563684131e+00 1.124021214670945928e-01 -9.936628015024492333e-01 0.000000000000000000e+00 -1.504196624642088587e+01 0.000000000000000000e+00 0.000000000000000000e+00 1.000000000000000000e+00 0.000000000000000000e+00
-9.936628015024492333e-01 -1.124021214670940932e-01 0.000000000000000000e+00 5.526815267563684131e+00 1.124021214670945928e-01 -9.936628015024492333e-01 0.000000000000000000e+00 -1.504196624642088587e+01 0.000000000000000000e+00 0.000000000000000000e+00 1.000000000000000000e+00 0.000000000000000000e+00
-9.936628015024492333e-01 -1.124021214670940932e-01 0.000000000000000000e+00 5.526815267563684131e+00 1.124021214670945928e-01 -9.936628015024492333e-01 0.000000000000000000e+00 -1.504196624642088587e+01 0.000000000000000000e+00 0.000000000000000000e+00 1.000000000000000000e+00 0.000000000000000000e+00
-9.936628015024492333e-01 -1.124021214670940932e-01 0.000000000000000000e+00 5.526815267563684131e+00 1.124021214670945928e-01 -9.936628015024492333e-01 0.000000000000000000e+00 -1.504196624642088587e+01 0.000000000000000000e+00 0.000000000000000000e+00 1.000000000000000000e+00 0.000000000000000000e+00
-9.936628015024492333e-01 -1.124021214670940932e-01 0.000000000000000000e+00 5.526815267563684131e+00 1.124021214670945928e-01 -9.936628015024492333e-01 0.000000000000000000e+00 -1.504196624642088587e+01 0.000000000000000000e+00 0.000000000000000000e+00 1.000000000000000000e+00 0.000000000000000000e+00
-9.936628015024492333e-01 -1.124021214670940932e-01 0.000000000000000000e+00 5.526815267563684131e+00 1.124021214670945928e-01 -9.936628015024492333e-01 0.000000000000000000e+00 -1.504196624642088587e+01 0.000000000000000000e+00 0.000000000000000000e+00 1.000000000000000000e+00 0.000000000000000000e+00
-9.936628015024492333e-01 -1.124021214670940932e-01 0.000000000000000000e+00 5.526815267563684131e+00 1.124021214670945928e-01 -9.936628015024492333e-01 0.000000000000000000e+00 -1.504196624642088587e+01 0.000000000000000000e+00 0.000000000000000000e+00 1.000000000000000000e+00 0.000000000000000000e+00
-9.936628015024492333e-01 -1.124021214670940932e-01 0.000000000000000000e+00 5.526815267563684131e+00 1.124021214670945928e-01 -9.936628015024492333e-01 0.000000000000000000e+00 -1.504196624642088587e+01 0.000000000000000000e+00 0.000000000000000000e+00 1.000000000000000000e+00 0.000000000000000000e+00
-9.936628015024492333e-01 -1.124021214670940932e-01 0.000000000000000000e+00 5.526866896934169660e+00 1.124021214670945928e-01 -9.936628015024492333e-01 0.000000000000000000e+00 -1.504099067765954878e+01 0.000000000000000000e+00 0.000000000000000000e+00 1.000000000000000000e+00 0.000000000000000000e+00
-9.934896632913016168e-01 -1.139222933992091180e-01 0.000000000000000000e+00 5.527243647312733543e+00 1.139222933992096315e-01 -9.934896632913015058e-01 0.000000000000000000e+00 -1.503096642411366091e+01 0.000000000000000000e+00 0.000000000000000000e+00 1.000000000000000000e+00 0.000000000000000000e+00
-9.936628015024492333e-01 -1.124021214670940932e-01 0.000000000000000000e+00 5.530120409936275294e+00 1.124021214670945928e-01 -9.936628015024492333e-01 0.000000000000000000e+00 -1.500802444867979979e+01 0.000000000000000000e+00 0.000000000000000000e+00 1.000000000000000000e+00 0.000000000000000000e+00
-9.936628015024492333e-01 -1.124021214670940932e-01 0.000000000000000000e+00 5.533193129658505072e+00 1.124021214670945928e-01 -9.936628015024492333e-01 0.000000000000000000e+00 -1.498012076982720764e+01 0.000000000000000000e+00 0.000000000000000000e+00 1.000000000000000000e+00 0.000000000000000000e+00
-9.936628015024492333e-01 -1.124021214670940932e-01 0.000000000000000000e+00 5.535298649599639020e+00 1.124021214670945928e-01 -9.936628015024492333e-01 0.000000000000000000e+00 -1.495224749793857733e+01 0.000000000000000000e+00 0.000000000000000000e+00 1.000000000000000000e+00 0.000000000000000000e+00
-9.936628015024492333e-01 -1.124021214670940932e-01 0.000000000000000000e+00 5.538380774508851800e+00 1.124021214670945928e-01 -9.936628015024492333e-01 0.000000000000000000e+00 -1.492434042166670594e+01 0.000000000000000000e+00 0.000000000000000000e+00 1.000000000000000000e+00 0.000000000000000000e+00
-9.936628015024492333e-01 -1.124021214670940932e-01 0.000000000000000000e+00 5.541369045864083631e+00 1.124021214670945928e-01 -9.936628015024492333e-01 0.000000000000000000e+00 -1.489838108549824014e+01 0.000000000000000000e+00 0.000000000000000000e+00 1.000000000000000000e+00 0.000000000000000000e+00
-9.936628015024492333e-01 -1.124021214670940932e-01 0.000000000000000000e+00 5.544339662041608108e+00 1.124021214670945928e-01 -9.936628015024492333e-01 0.000000000000000000e+00 -1.487349136996097698e+01 0.000000000000000000e+00 0.000000000000000000e+00 1.000000000000000000e+00 0.000000000000000000e+00
-9.934896632913016168e-01 -1.139222933992091180e-01 0.000000000000000000e+00 5.546351328428761107e+00 1.139222933992096315e-01 -9.934896632913015058e-01 0.000000000000000000e+00 -1.484756583817575049e+01 0.000000000000000000e+00 0.000000000000000000e+00 1.000000000000000000e+00 0.000000000000000000e+00
-9.934896632913016168e-01 -1.139222933992091180e-01 0.000000000000000000e+00 5.549381823967490135e+00 1.139222933992096315e-01 -9.934896632913015058e-01 0.000000000000000000e+00 -1.482063433066522151e+01 0.000000000000000000e+00 0.000000000000000000e+00 1.000000000000000000e+00 0.000000000000000000e+00
-9.934896632913016168e-01 -1.139222933992091180e-01 0.000000000000000000e+00 5.552463948876702915e+00 1.139222933992096315e-01 -9.934896632913015058e-01 0.000000000000000000e+00 -1.479272725439334835e+01 0.000000000000000000e+00 0.000000000000000000e+00 1.000000000000000000e+00 0.000000000000000000e+00
-9.936628015024492333e-01 -1.124021214670940932e-01 0.000000000000000000e+00 5.554569468817840416e+00 1.124021214670945928e-01 -9.936628015024492333e-01 0.000000000000000000e+00 -1.476485398250472159e+01 0.000000000000000000e+00 0.000000000000000000e+00 1.000000000000000000e+00 0.000000000000000000e+00
-9.934896632913016168e-01 -1.139222933992091180e-01 0.000000000000000000e+00 5.557548334986083916e+00 1.139222933992096315e-01 -9.934896632913015058e-01 0.000000000000000000e+00 -1.473889804375552970e+01 0.000000000000000000e+00 0.000000000000000000e+00 1.000000000000000000e+00 0.000000000000000000e+00
-9.934896632913016168e-01 -1.139222933992091180e-01 0.000000000000000000e+00 5.560588235711797722e+00 1.139222933992096315e-01 -9.934896632913015058e-01 0.000000000000000000e+00 -1.471196313882572149e+01 0.000000000000000000e+00 0.000000000000000000e+00 1.000000000000000000e+00 0.000000000000000000e+00
-9.936628015024492333e-01 -1.124021214670940932e-01 0.000000000000000000e+00 5.563601076072821172e+00 1.124021214670945928e-01 -9.936628015024492333e-01 0.000000000000000000e+00 -1.468610125194639693e+01 0.000000000000000000e+00 0.000000000000000000e+00 1.000000000000000000e+00 0.000000000000000000e+00
-9.936628015024492333e-01 -1.124021214670940932e-01 0.000000000000000000e+00 5.565664371830459700e+00 1.124021214670945928e-01 -9.936628015024492333e-01 0.000000000000000000e+00 -1.465920015139983157e+01 0.000000000000000000e+00 0.000000000000000000e+00 1.000000000000000000e+00 0.000000000000000000e+00
-9.934896632913016168e-01 -1.139222933992091180e-01 0.000000000000000000e+00 5.568694867369188728e+00 1.139222933992096315e-01 -9.934896632913015058e-01 0.000000000000000000e+00 -1.463226864388930082e+01 0.000000000000000000e+00 0.000000000000000000e+00 1.000000000000000000e+00 0.000000000000000000e+00
-9.934896632913016168e-01 -1.139222933992091180e-01 0.000000000000000000e+00 5.571665483546713205e+00 1.139222933992096315e-01 -9.934896632913015058e-01 0.000000000000000000e+00 -1.460737892835203766e+01 0.000000000000000000e+00 0.000000000000000000e+00 1.000000000000000000e+00 0.000000000000000000e+00
-9.936628015024492333e-01 -1.124021214670940932e-01 0.000000000000000000e+00 5.573625520563382452e+00 1.124021214670945928e-01 -9.936628015024492333e-01 0.000000000000000000e+00 -1.458242896532815003e+01 0.000000000000000000e+00 0.000000000000000000e+00 1.000000000000000000e+00 0.000000000000000000e+00
-9.936628015024492333e-01 -1.124021214670940932e-01 0.000000000000000000e+00 5.576613791918612506e+00 1.124021214670945928e-01 -9.936628015024492333e-01 0.000000000000000000e+00 -1.455646962915968423e+01 0.000000000000000000e+00 0.000000000000000000e+00 1.000000000000000000e+00 0.000000000000000000e+00
-9.936628015024492333e-01 -1.124021214670940932e-01 0.000000000000000000e+00 5.579584408096136983e+00 1.124021214670945928e-01 -9.936628015024492333e-01 0.000000000000000000e+00 -1.453157991362242107e+01 0.000000000000000000e+00 0.000000000000000000e+00 1.000000000000000000e+00 0.000000000000000000e+00
-9.936628015024492333e-01 -1.124021214670940932e-01 0.000000000000000000e+00 5.581596074483289982e+00 1.124021214670945928e-01 -9.936628015024492333e-01 0.000000000000000000e+00 -1.450565438183719635e+01 0.000000000000000000e+00 0.000000000000000000e+00 1.000000000000000000e+00 0.000000000000000000e+00
-9.936628015024492333e-01 -1.124021214670940932e-01 0.000000000000000000e+00 5.584608914844313432e+00 1.124021214670945928e-01 -9.936628015024492333e-01 0.000000000000000000e+00 -1.447979249495787002e+01 0.000000000000000000e+00 0.000000000000000000e+00 1.000000000000000000e+00 0.000000000000000000e+00
-9.934896632913016168e-01 -1.139222933992091180e-01 0.000000000000000000e+00 5.586586607038688257e+00 1.139222933992096315e-01 -9.934896632913015058e-01 0.000000000000000000e+00 -1.445377291130277975e+01 0.000000000000000000e+00 0.000000000000000000e+00 1.000000000000000000e+00 0.000000000000000000e+00
-9.936628015024492333e-01 -1.124021214670940932e-01 0.000000000000000000e+00 5.589608852586698262e+00 1.124021214670945928e-01 -9.936628015024492333e-01 0.000000000000000000e+00 -1.442790762700417773e+01 0.000000000000000000e+00 0.000000000000000000e+00 1.000000000000000000e+00 0.000000000000000000e+00
-9.936628015024492333e-01 -1.124021214670940932e-01 0.000000000000000000e+00 5.592639348125427290e+00 1.124021214670945928e-01 -9.936628015024492333e-01 0.000000000000000000e+00 -1.440097611949364698e+01 0.000000000000000000e+00 0.000000000000000000e+00 1.000000000000000000e+00 0.000000000000000000e+00
-9.934896632913016168e-01 -1.139222933992091180e-01 0.000000000000000000e+00 5.595661593673433742e+00 1.139222933992096315e-01 -9.934896632913015058e-01 0.000000000000000000e+00 -1.437511083519504318e+01 0.000000000000000000e+00 0.000000000000000000e+00 1.000000000000000000e+00 0.000000000000000000e+00
-9.936628015024492333e-01 -1.124021214670940932e-01 0.000000000000000000e+00 5.597673260060588518e+00 1.124021214670945928e-01 -9.936628015024492333e-01 0.000000000000000000e+00 -1.434918530340981846e+01 0.000000000000000000e+00 0.000000000000000000e+00 1.000000000000000000e+00 0.000000000000000000e+00
-9.936628015024492333e-01 -1.124021214670940932e-01 0.000000000000000000e+00 5.600703755599319322e+00 1.124021214670945928e-01 -9.936628015024492333e-01 0.000000000000000000e+00 -1.432225379589928771e+01 0.000000000000000000e+00 0.000000000000000000e+00 1.000000000000000000e+00 0.000000000000000000e+00
-9.934896632913016168e-01 -1.139222933992091180e-01 0.000000000000000000e+00 5.603716595960342772e+00 1.139222933992096315e-01 -9.934896632913015058e-01 0.000000000000000000e+00 -1.429639190901996315e+01 0.000000000000000000e+00 0.000000000000000000e+00 1.000000000000000000e+00 0.000000000000000000e+00
-9.936628015024492333e-01 -1.124021214670940932e-01 0.000000000000000000e+00 5.605745917525199573e+00 1.124021214670945928e-01 -9.936628015024492333e-01 0.000000000000000000e+00 -1.426939675660352869e+01 0.000000000000000000e+00 0.000000000000000000e+00 1.000000000000000000e+00 0.000000000000000000e+00
-9.934896632913016168e-01 -1.139222933992091180e-01 0.000000000000000000e+00 5.608768163073209578e+00 1.139222933992096315e-01 -9.934896632913015058e-01 0.000000000000000000e+00 -1.424353147230492667e+01 0.000000000000000000e+00 0.000000000000000000e+00 1.000000000000000000e+00 0.000000000000000000e+00
-9.934896632913016168e-01 -1.139222933992091180e-01 0.000000000000000000e+00 5.611798658611940382e+00 1.139222933992096315e-01 -9.934896632913015058e-01 0.000000000000000000e+00 -1.421659996479439592e+01 0.000000000000000000e+00 0.000000000000000000e+00 1.000000000000000000e+00 0.000000000000000000e+00
-9.933683475404716523e-01 -1.149753282435490020e-01 0.000000000000000000e+00 5.613539488337250916e+00 1.149753282435494739e-01 -9.933683475404716523e-01 0.000000000000000000e+00 -1.418907107793227418e+01 0.000000000000000000e+00 0.000000000000000000e+00 1.000000000000000000e+00 0.000000000000000000e+00
-9.934211310912292037e-01 -1.145183666554060453e-01 0.000000000000000000e+00 5.616259233423175345e+00 1.145183666554065449e-01 -9.934211310912292037e-01 0.000000000000000000e+00 -1.416363403827221212e+01 0.000000000000000000e+00 0.000000000000000000e+00 1.000000000000000000e+00 0.000000000000000000e+00
-9.931188548534837235e-01 -1.171108028087254616e-01 0.000000000000000000e+00 5.618954409503306380e+00 1.171108028087259750e-01 -9.931188548534838345e-01 0.000000000000000000e+00 -1.413809954932300705e+01 0.000000000000000000e+00 0.000000000000000000e+00 1.000000000000000000e+00 0.000000000000000000e+00
-9.929917960241780861e-01 -1.181833026644463353e-01 0.000000000000000000e+00 5.620710601363308356e+00 1.181833026644468349e-01 -9.929917960241780861e-01 0.000000000000000000e+00 -1.411258527507993321e+01 0.000000000000000000e+00 0.000000000000000000e+00 1.000000000000000000e+00 0.000000000000000000e+00
-9.926497311042684624e-01 -1.210227719837169008e-01 0.000000000000000000e+00 5.623180432238015669e+00 1.210227719837173865e-01 -9.926497311042684624e-01 0.000000000000000000e+00 -1.408574997117909611e+01 0.000000000000000000e+00 0.000000000000000000e+00 1.000000000000000000e+00 0.000000000000000000e+00
-9.921063698497867289e-01 -1.253991662790357176e-01 0.000000000000000000e+00 5.624733735821733305e+00 1.253991662790362727e-01 -9.921063698497867289e-01 0.000000000000000000e+00 -1.405882044559885635e+01 0.000000000000000000e+00 0.000000000000000000e+00 1.000000000000000000e+00 0.000000000000000000e+00
-9.920019468227059267e-01 -1.262225712777252096e-01 0.000000000000000000e+00 5.626689186752363625e+00 1.262225712777257647e-01 -9.920019468227059267e-01 0.000000000000000000e+00 -1.404003894907546979e+01 0.000000000000000000e+00 0.000000000000000000e+00 1.000000000000000000e+00 0.000000000000000000e+00
-9.918968404055231725e-01 -1.270458893216904195e-01 0.000000000000000000e+00 5.628611818686485080e+00 1.270458893216908913e-01 -9.918968404055231725e-01 0.000000000000000000e+00 -1.402222622647487071e+01 0.000000000000000000e+00 0.000000000000000000e+00 1.000000000000000000e+00 0.000000000000000000e+00
-9.917884930898914764e-01 -1.278889556391853144e-01 0.000000000000000000e+00 5.629603716391192947e+00 1.278889556391858140e-01 -9.917884930898914764e-01 0.000000000000000000e+00 -1.400336749536847591e+01 0.000000000000000000e+00 0.000000000000000000e+00 1.000000000000000000e+00 0.000000000000000000e+00
-9.914787035415244532e-01 -1.302688774175057573e-01 0.000000000000000000e+00 5.631649572636520773e+00 1.302688774175062292e-01 -9.914787035415244532e-01 0.000000000000000000e+00 -1.398465966619928658e+01 0.000000000000000000e+00 0.000000000000000000e+00 1.000000000000000000e+00 0.000000000000000000e+00
-9.914225962637562839e-01 -1.306952012035329791e-01 0.000000000000000000e+00 5.633909998038623357e+00 1.306952012035335065e-01 -9.914225962637562839e-01 0.000000000000000000e+00 -1.395906957286218741e+01 0.000000000000000000e+00 0.000000000000000000e+00 1.000000000000000000e+00 0.000000000000000000e+00
-9.911618765485196159e-01 -1.326579604728503059e-01 0.000000000000000000e+00 5.637243192355319010e+00 1.326579604728508333e-01 -9.911618765485196159e-01 0.000000000000000000e+00 -1.393362358662374056e+01 0.000000000000000000e+00 0.000000000000000000e+00 1.000000000000000000e+00 0.000000000000000000e+00
-9.915060381434757097e-01 -1.300606640188636254e-01 0.000000000000000000e+00 5.639515333336943215e+00 1.300606640188641250e-01 -9.915060381434755987e-01 0.000000000000000000e+00 -1.391015574745266292e+01 0.000000000000000000e+00 0.000000000000000000e+00 1.000000000000000000e+00 0.000000000000000000e+00
-9.923823110227473210e-01 -1.231963829385841341e-01 0.000000000000000000e+00 5.640403954951169752e+00 1.231963829385846337e-01 -9.923823110227473210e-01 0.000000000000000000e+00 -1.388803826903339633e+01 0.000000000000000000e+00 0.000000000000000000e+00 1.000000000000000000e+00 0.000000000000000000e+00
-9.935567045236365358e-01 -1.133361147036998362e-01 0.000000000000000000e+00 5.640216161095633396e+00 1.133361147037003358e-01 -9.935567045236366468e-01 0.000000000000000000e+00 -1.386588432506244928e+01 0.000000000000000000e+00 0.000000000000000000e+00 1.000000000000000000e+00 0.000000000000000000e+00
-9.947841476305698816e-01 -1.020024491025564306e-01 0.000000000000000000e+00 5.639892091186732515e+00 1.020024491025569441e-01 -9.947841476305698816e-01 0.000000000000000000e+00 -1.384473652662634535e+01 0.000000000000000000e+00 0.000000000000000000e+00 1.000000000000000000e+00 0.000000000000000000e+00
-9.957378312560490885e-01 -9.222890764559200927e-02 0.000000000000000000e+00 5.639563219526401383e+00 9.222890764559249499e-02 -9.957378312560490885e-01 0.000000000000000000e+00 -1.382263354394456378e+01 0.000000000000000000e+00 0.000000000000000000e+00 1.000000000000000000e+00 0.000000000000000000e+00
-9.964631446821592409e-01 -8.403095435695799587e-02 0.000000000000000000e+00 5.638133363390515740e+00 8.403095435695852322e-02 -9.964631446821593519e-01 0.000000000000000000e+00 -1.380039664642196406e+01 0.000000000000000000e+00 0.000000000000000000e+00 1.000000000000000000e+00 0.000000000000000000e+00
-9.969999134454986534e-01 -7.740266526203927466e-02 0.000000000000000000e+00 5.637647094910313683e+00 7.740266526203981590e-02 -9.969999134454986534e-01 0.000000000000000000e+00 -1.377718095252828334e+01 0.000000000000000000e+00 0.000000000000000000e+00 1.000000000000000000e+00 0.000000000000000000e+00
-9.972661936570924590e-01 -7.389275328943692434e-02 0.000000000000000000e+00 5.637154869482410291e+00 7.389275328943742394e-02 -9.972661936570925700e-01 0.000000000000000000e+00 -1.375194724859627549e+01 0.000000000000000000e+00 0.000000000000000000e+00 1.000000000000000000e+00 0.000000000000000000e+00
-9.975158926433199680e-01 -7.044177683732734396e-02 0.000000000000000000e+00 5.635662426961022931e+00 7.044177683732782969e-02 -9.975158926433199680e-01 0.000000000000000000e+00 -1.372579895964039309e+01 0.000000000000000000e+00 0.000000000000000000e+00 1.000000000000000000e+00 0.000000000000000000e+00
-9.978510469589132459e-01 -6.552318736905182739e-02 0.000000000000000000e+00 5.635027968532053677e+00 6.552318736905232699e-02 -9.978510469589132459e-01 0.000000000000000000e+00 -1.369955339120490301e+01 0.000000000000000000e+00 0.000000000000000000e+00 1.000000000000000000e+00 0.000000000000000000e+00
-9.979673721142293674e-01 -6.372695030690173068e-02 0.000000000000000000e+00 5.634318268607195535e+00 6.372695030690220253e-02 -9.979673721142294784e-01 0.000000000000000000e+00 -1.367333500212363795e+01 0.000000000000000000e+00 0.000000000000000000e+00 1.000000000000000000e+00 0.000000000000000000e+00
-9.981704232924537568e-01 -6.046326210322067185e-02 0.000000000000000000e+00 5.633575551369942147e+00 6.046326210322115757e-02 -9.981704232924537568e-01 0.000000000000000000e+00 -1.364617162105453296e+01 0.000000000000000000e+00 0.000000000000000000e+00 1.000000000000000000e+00 0.000000000000000000e+00
-9.984452474930807231e-01 -5.574125723806402227e-02 0.000000000000000000e+00 5.631670815099665717e+00 5.574125723806450800e-02 -9.984452474930807231e-01 0.000000000000000000e+00 -1.361985329132522082e+01 0.000000000000000000e+00 0.000000000000000000e+00 1.000000000000000000e+00 0.000000000000000000e+00
-9.985331554569646384e-01 -5.414367417488640671e-02 0.000000000000000000e+00 5.630743640677849271e+00 5.414367417488691325e-02 -9.985331554569647494e-01 0.000000000000000000e+00 -1.359265021709469323e+01 0.000000000000000000e+00 0.000000000000000000e+00 1.000000000000000000e+00 0.000000000000000000e+00
-9.986946707417061475e-01 -5.107792705380760634e-02 0.000000000000000000e+00 5.629708405763633294e+00 5.107792705380811982e-02 -9.986946707417062585e-01 0.000000000000000000e+00 -1.356644309614117638e+01 0.000000000000000000e+00 0.000000000000000000e+00 1.000000000000000000e+00 0.000000000000000000e+00
-9.988434101703693724e-01 -4.808161768520746032e-02 0.000000000000000000e+00 5.628596774157255567e+00 4.808161768520795992e-02 -9.988434101703693724e-01 0.000000000000000000e+00 -1.353920032874922974e+01 0.000000000000000000e+00 0.000000000000000000e+00 1.000000000000000000e+00 0.000000000000000000e+00
-9.989804531243801078e-01 -4.514481449078439762e-02 0.000000000000000000e+00 5.626395873654846724e+00 4.514481449078484865e-02 -9.989804531243801078e-01 0.000000000000000000e+00 -1.351394590068248291e+01 0.000000000000000000e+00 0.000000000000000000e+00 1.000000000000000000e+00 0.000000000000000000e+00
-9.991698269908373398e-01 -4.073888598254982868e-02 0.000000000000000000e+00 5.625129155621133137e+00 4.073888598255032134e-02 -9.991698269908374508e-01 0.000000000000000000e+00 -1.348771607366393077e+01 0.000000000000000000e+00 0.000000000000000000e+00 1.000000000000000000e+00 0.000000000000000000e+00
-9.992211542308453431e-01 -3.945991557994589505e-02 0.000000000000000000e+00 5.623796601278515439e+00 3.945991557994638077e-02 -9.992211542308453431e-01 0.000000000000000000e+00 -1.346151002858032797e+01 0.000000000000000000e+00 0.000000000000000000e+00 1.000000000000000000e+00 0.000000000000000000e+00
-9.993258905593079833e-01 -3.671191166154400692e-02 0.000000000000000000e+00 5.622364236434213680e+00 3.671191166154449265e-02 -9.993258905593080943e-01 0.000000000000000000e+00 -1.343523371356180007e+01 0.000000000000000000e+00 0.000000000000000000e+00 1.000000000000000000e+00 0.000000000000000000e+00
-9.994206895877939534e-01 -3.403358964108190582e-02 0.000000000000000000e+00 5.619889430312930756e+00 3.403358964108240542e-02 -9.994206895877939534e-01 0.000000000000000000e+00 -1.340901498486146259e+01 0.000000000000000000e+00 0.000000000000000000e+00 1.000000000000000000e+00 0.000000000000000000e+00
-9.995064272809107697e-01 -3.141499362005965162e-02 0.000000000000000000e+00 5.618320789415268024e+00 3.141499362006013735e-02 -9.995064272809108807e-01 0.000000000000000000e+00 -1.338374481537777605e+01 0.000000000000000000e+00 0.000000000000000000e+00 1.000000000000000000e+00 0.000000000000000000e+00
-9.995835743958634279e-01 -2.885615702044689798e-02 0.000000000000000000e+00 5.616709726018221716e+00 2.885615702044740452e-02 -9.995835743958634279e-01 0.000000000000000000e+00 -1.335753305132552704e+01 0.000000000000000000e+00 0.000000000000000000e+00 1.000000000000000000e+00 0.000000000000000000e+00
-9.996525910162251671e-01 -2.635711051209501526e-02 0.000000000000000000e+00 5.615008257306479678e+00 2.635711051209549058e-02 -9.996525910162252782e-01 0.000000000000000000e+00 -1.333124761991908436e+01 0.000000000000000000e+00 0.000000000000000000e+00 1.000000000000000000e+00 0.000000000000000000e+00
-9.997136873088969811e-01 -2.392787928856598620e-02 0.000000000000000000e+00 5.612264347317756474e+00 2.392787928856644417e-02 -9.997136873088970921e-01 0.000000000000000000e+00 -1.330501977483082321e+01 0.000000000000000000e+00 0.000000000000000000e+00 1.000000000000000000e+00 0.000000000000000000e+00
-9.997673730502147915e-01 -2.156849054227123752e-02 0.000000000000000000e+00 5.610450016362175774e+00 2.156849054227175794e-02 -9.997673730502147915e-01 0.000000000000000000e+00 -1.327877511245570830e+01 0.000000000000000000e+00 0.000000000000000000e+00 1.000000000000000000e+00 0.000000000000000000e+00
-9.998145287909034895e-01 -1.925897241865966170e-02 0.000000000000000000e+00 5.608545280091899343e+00 1.925897241866015436e-02 -9.998145287909036005e-01 0.000000000000000000e+00 -1.325245678272640149e+01 0.000000000000000000e+00 0.000000000000000000e+00 1.000000000000000000e+00 0.000000000000000000e+00
-9.998551605194035963e-01 -1.701934143016764142e-02 0.000000000000000000e+00 5.605636878488853725e+00 1.701934143016809939e-02 -9.998551605194037073e-01 0.000000000000000000e+00 -1.322724527543081230e+01 0.000000000000000000e+00 0.000000000000000000e+00 1.000000000000000000e+00 0.000000000000000000e+00
-9.998898867994424622e-01 -1.483961846534703755e-02 0.000000000000000000e+00 5.603628685161726963e+00 1.483961846534750245e-02 -9.998898867994425732e-01 0.000000000000000000e+00 -1.320096431731355935e+01 0.000000000000000000e+00 0.000000000000000000e+00 1.000000000000000000e+00 0.000000000000000000e+00
-9.999189725671139284e-01 -1.272981933596210001e-02 0.000000000000000000e+00 5.601573465899665649e+00 1.272981933596260481e-02 -9.999189725671140394e-01 0.000000000000000000e+00 -1.317470034629269371e+01 0.000000000000000000e+00 0.000000000000000000e+00 1.000000000000000000e+00 0.000000000000000000e+00
-9.999430743490734796e-01 -1.066996069920395605e-02 0.000000000000000000e+00 5.599471220702671559e+00 1.066996069920448861e-02 -9.999430743490734796e-01 0.000000000000000000e+00 -1.314845336236821716e+01 0.000000000000000000e+00 0.000000000000000000e+00 1.000000000000000000e+00 0.000000000000000000e+00
-9.999622407696798776e-01 -8.690053790400727174e-03 0.000000000000000000e+00 5.596292560035918129e+00 8.690053790401218101e-03 -9.999622407696798776e-01 0.000000000000000000e+00 -1.312216991289206014e+01 0.000000000000000000e+00 0.000000000000000000e+00 1.000000000000000000e+00 0.000000000000000000e+00
-9.999771501839858079e-01 -6.760111679060074735e-03 0.000000000000000000e+00 5.594096262969062039e+00 6.760111679060554386e-03 -9.999771501839859189e-01 0.000000000000000000e+00 -1.309595690316036354e+01 0.000000000000000000e+00 0.000000000000000000e+00 1.000000000000000000e+00 0.000000000000000000e+00
-9.999879942244831454e-01 -4.900143558531601211e-03 0.000000000000000000e+00 5.591876552092678310e+00 4.900143558532111220e-03 -9.999879942244831454e-01 0.000000000000000000e+00 -1.307070926993217341e+01 0.000000000000000000e+00 0.000000000000000000e+00 1.000000000000000000e+00 0.000000000000000000e+00
-9.999951944980122187e-01 -3.100158202684999854e-03 0.000000000000000000e+00 5.589552228963178493e+00 3.100158202685537184e-03 -9.999951944980123297e-01 0.000000000000000000e+00 -1.304443618252338588e+01 0.000000000000000000e+00 0.000000000000000000e+00 1.000000000000000000e+00 0.000000000000000000e+00
-9.999990749782194932e-01 -1.360162749239932946e-03 0.000000000000000000e+00 5.586204274930667069e+00 1.360162749240408911e-03 -9.999990749782196042e-01 0.000000000000000000e+00 -1.301821388659423029e+01 0.000000000000000000e+00 0.000000000000000000e+00 1.000000000000000000e+00 0.000000000000000000e+00
-9.999999520005689035e-01 3.098368264089752886e-04 0.000000000000000000e+00 5.583804710305274810e+00 -3.098368264085108164e-04 -9.999999520005689035e-01 0.000000000000000000e+00 -1.299196797853966778e+01 0.000000000000000000e+00 0.000000000000000000e+00 1.000000000000000000e+00 0.000000000000000000e+00
-9.999981571138361058e-01 1.919835652019640047e-03 0.000000000000000000e+00 5.581333550739159932e+00 -1.919835652019105318e-03 -9.999981571138361058e-01 0.000000000000000000e+00 -1.296564160829235135e+01 0.000000000000000000e+00 0.000000000000000000e+00 1.000000000000000000e+00 0.000000000000000000e+00
-9.999939801222211821e-01 3.469829868699256421e-03 0.000000000000000000e+00 5.578868149804861787e+00 -3.469829868698743811e-03 -9.999939801222212932e-01 0.000000000000000000e+00 -1.293941948217273463e+01 0.000000000000000000e+00 0.000000000000000000e+00 1.000000000000000000e+00 0.000000000000000000e+00
-9.999877000345176459e-01 4.959816496075988151e-03 0.000000000000000000e+00 5.575383919718987613e+00 -4.959816496075500694e-03 -9.999877000345176459e-01 0.000000000000000000e+00 -1.291420333177841862e+01 0.000000000000000000e+00 0.000000000000000000e+00 1.000000000000000000e+00 0.000000000000000000e+00
-9.999687174037517057e-01 7.909754351117024088e-03 0.000000000000000000e+00 5.572809303096018851e+00 -7.909754351116541835e-03 -9.999687174037517057e-01 0.000000000000000000e+00 -1.288791433314315782e+01 0.000000000000000000e+00 0.000000000000000000e+00 1.000000000000000000e+00 0.000000000000000000e+00
-9.999700476124369075e-01 7.739759555681479698e-03 0.000000000000000000e+00 5.570197065725105645e+00 -7.739759555680987037e-03 -9.999700476124370185e-01 0.000000000000000000e+00 -1.286163892418500865e+01 0.000000000000000000e+00 0.000000000000000000e+00 1.000000000000000000e+00 0.000000000000000000e+00
-9.999592313004165289e-01 9.029714119464717081e-03 0.000000000000000000e+00 5.566561197451182608e+00 -9.029714119464219216e-03 -9.999592313004166400e-01 0.000000000000000000e+00 -1.283541430670648964e+01 0.000000000000000000e+00 0.000000000000000000e+00 1.000000000000000000e+00 0.000000000000000000e+00
-9.999472656892191003e-01 1.026965630647589008e-02 0.000000000000000000e+00 5.563892528958350070e+00 -1.026965630647539568e-02 -9.999472656892193223e-01 0.000000000000000000e+00 -1.280915928226400702e+01 0.000000000000000000e+00 0.000000000000000000e+00 1.000000000000000000e+00 0.000000000000000000e+00
-9.999345657802540810e-01 1.143958731134561528e-02 0.000000000000000000e+00 5.561195644904557867e+00 -1.143958731134510007e-02 -9.999345657802541920e-01 0.000000000000000000e+00 -1.278291445007935856e+01 0.000000000000000000e+00 0.000000000000000000e+00 1.000000000000000000e+00 0.000000000000000000e+00
-9.999213772763979602e-01 1.253950819093547879e-02 0.000000000000000000e+00 5.558436571097026047e+00 -1.253950819093502776e-02 -9.999213772763980712e-01 0.000000000000000000e+00 -1.275658575828267693e+01 0.000000000000000000e+00 0.000000000000000000e+00 1.000000000000000000e+00 0.000000000000000000e+00
-9.999076595886081664e-01 1.358941853174991561e-02 0.000000000000000000e+00 5.554654823266872654e+00 -1.358941853174945071e-02 -9.999076595886082774e-01 0.000000000000000000e+00 -1.272945691784765110e+01 0.000000000000000000e+00 0.000000000000000000e+00 1.000000000000000000e+00 0.000000000000000000e+00
-9.998938618049590943e-01 1.456932135565788475e-02 0.000000000000000000e+00 5.551839318337423279e+00 -1.456932135565740770e-02 -9.998938618049592053e-01 0.000000000000000000e+00 -1.270314861056663602e+01 0.000000000000000000e+00 0.000000000000000000e+00 1.000000000000000000e+00 0.000000000000000000e+00
-9.998801897183303700e-01 1.547921861189165312e-02 0.000000000000000000e+00 5.549048382413767300e+00 -1.547921861189113443e-02 -9.998801897183304810e-01 0.000000000000000000e+00 -1.267693775257476396e+01 0.000000000000000000e+00 0.000000000000000000e+00 1.000000000000000000e+00 0.000000000000000000e+00
-9.998666711773979143e-01 1.632911107894272074e-02 0.000000000000000000e+00 5.546195256736371704e+00 -1.632911107894225930e-02 -9.998666711773980253e-01 0.000000000000000000e+00 -1.265064303497086229e+01 0.000000000000000000e+00 0.000000000000000000e+00 1.000000000000000000e+00 0.000000000000000000e+00
-9.998534591726088161e-01 1.711900057151166665e-02 0.000000000000000000e+00 5.542318500155968053e+00 -1.711900057151116358e-02 -9.998534591726089271e-01 0.000000000000000000e+00 -1.262439910884659078e+01 0.000000000000000000e+00 0.000000000000000000e+00 1.000000000000000000e+00 0.000000000000000000e+00
-9.998406958923592436e-01 1.784888897052383863e-02 0.000000000000000000e+00 5.539471133110392742e+00 -1.784888897052339107e-02 -9.998406958923592436e-01 0.000000000000000000e+00 -1.259820863537038527e+01 0.000000000000000000e+00 0.000000000000000000e+00 1.000000000000000000e+00 0.000000000000000000e+00
-9.998286978611982123e-01 1.850877989441642585e-02 0.000000000000000000e+00 5.536561576311079591e+00 -1.850877989441596094e-02 -9.998286978611983233e-01 0.000000000000000000e+00 -1.257193430228214837e+01 0.000000000000000000e+00 0.000000000000000000e+00 1.000000000000000000e+00 0.000000000000000000e+00
-9.998172214880393094e-01 1.911867191872971064e-02 0.000000000000000000e+00 5.533675631637171577e+00 -1.911867191872922492e-02 -9.998172214880394204e-01 0.000000000000000000e+00 -1.254660835860103241e+01 0.000000000000000000e+00 0.000000000000000000e+00 1.000000000000000000e+00 0.000000000000000000e+00
-9.998067516323576598e-01 1.965857040459173879e-02 0.000000000000000000e+00 5.529776418127626769e+00 -1.965857040459127736e-02 -9.998067516323576598e-01 0.000000000000000000e+00 -1.252047886886229122e+01 0.000000000000000000e+00 0.000000000000000000e+00 1.000000000000000000e+00 0.000000000000000000e+00
-9.997974016759539895e-01 2.012847738926935165e-02 0.000000000000000000e+00 5.526829240580367397e+00 -2.012847738926883123e-02 -9.997974016759539895e-01 0.000000000000000000e+00 -1.249421812545116595e+01 0.000000000000000000e+00 0.000000000000000000e+00 1.000000000000000000e+00 0.000000000000000000e+00
-9.997888595335694406e-01 2.054839051029616614e-02 0.000000000000000000e+00 5.523872657846121470e+00 -2.054839051029565961e-02 -9.997888595335695516e-01 0.000000000000000000e+00 -1.246796077945931813e+01 0.000000000000000000e+00 0.000000000000000000e+00 1.000000000000000000e+00 0.000000000000000000e+00
-9.997816063599708203e-01 2.089831534539977193e-02 0.000000000000000000e+00 5.520897264737904209e+00 -2.089831534539928620e-02 -9.997816063599708203e-01 0.000000000000000000e+00 -1.244171022830602702e+01 0.000000000000000000e+00 0.000000000000000000e+00 1.000000000000000000e+00 0.000000000000000000e+00
-9.997755038077892342e-01 2.118825112840572525e-02 0.000000000000000000e+00 5.516917051100648450e+00 -2.118825112840522218e-02 -9.997755038077893452e-01 0.000000000000000000e+00 -1.241550367379380937e+01 0.000000000000000000e+00 0.000000000000000000e+00 1.000000000000000000e+00 0.000000000000000000e+00
-9.997708181980115016e-01 2.140820122471363482e-02 0.000000000000000000e+00 5.513974675304822881e+00 -2.140820122471312828e-02 -9.997708181980116127e-01 0.000000000000000000e+00 -1.239019811462835996e+01 0.000000000000000000e+00 0.000000000000000000e+00 1.000000000000000000e+00 0.000000000000000000e+00
-9.997671643571325317e-01 2.157816195364038736e-02 0.000000000000000000e+00 5.510989877009617288e+00 -2.157816195363988776e-02 -9.997671643571325317e-01 0.000000000000000000e+00 -1.236395096089434631e+01 0.000000000000000000e+00 0.000000000000000000e+00 1.000000000000000000e+00 0.000000000000000000e+00
-9.997650015421050140e-01 2.167813856201836545e-02 0.000000000000000000e+00 5.507995673527425140e+00 -2.167813856201787973e-02 -9.997650015421050140e-01 0.000000000000000000e+00 -1.233770720457961012e+01 0.000000000000000000e+00 0.000000000000000000e+00 1.000000000000000000e+00 0.000000000000000000e+00
-9.997641336167507609e-01 2.171812914472673328e-02 0.000000000000000000e+00 5.503996649516196271e+00 -2.171812914472625103e-02 -9.997641336167507609e-01 0.000000000000000000e+00 -1.231150744490594739e+01 0.000000000000000000e+00 0.000000000000000000e+00 1.000000000000000000e+00 0.000000000000000000e+00
-9.997301994733205355e-01 2.322774765304993008e-02 0.000000000000000000e+00 5.501002446034005899e+00 -2.322774765304946865e-02 -9.997301994733206465e-01 0.000000000000000000e+00 -1.228526368859121298e+01 0.000000000000000000e+00 0.000000000000000000e+00 1.000000000000000000e+00 0.000000000000000000e+00
-9.997665165623788042e-01 2.160815495885614820e-02 0.000000000000000000e+00 5.498008242551813751e+00 -2.160815495885562432e-02 -9.997665165623788042e-01 0.000000000000000000e+00 -1.225901993227647679e+01 0.000000000000000000e+00 0.000000000000000000e+00 1.000000000000000000e+00 0.000000000000000000e+00
-9.997697465382372473e-01 2.145818973884231276e-02 0.000000000000000000e+00 5.494051641039964906e+00 -2.145818973884182010e-02 -9.997697465382372473e-01 0.000000000000000000e+00 -1.223376176717137831e+01 0.000000000000000000e+00 0.000000000000000000e+00 1.000000000000000000e+00 0.000000000000000000e+00
-9.997742307131264328e-01 2.124823762045930514e-02 0.000000000000000000e+00 5.491066842744761090e+00 -2.124823762045883330e-02 -9.997742307131265438e-01 0.000000000000000000e+00 -1.220751461343736466e+01 0.000000000000000000e+00 0.000000000000000000e+00 1.000000000000000000e+00 0.000000000000000000e+00
-9.997799312954436246e-01 2.097829780694822691e-02 0.000000000000000000e+00 5.488082044449555497e+00 -2.097829780694776894e-02 -9.997799312954437356e-01 0.000000000000000000e+00 -1.218126745970335278e+01 0.000000000000000000e+00 0.000000000000000000e+00 1.000000000000000000e+00 0.000000000000000000e+00
-9.997542592328485522e-01 2.216802079071006001e-02 0.000000000000000000e+00 5.485106651341336459e+00 -2.216802079070957082e-02 -9.997542592328486633e-01 0.000000000000000000e+00 -1.215501690855005990e+01 0.000000000000000000e+00 0.000000000000000000e+00 1.000000000000000000e+00 0.000000000000000000e+00
-9.997951814946712812e-01 2.023845498145445537e-02 0.000000000000000000e+00 5.481126437704078924e+00 -2.023845498145396965e-02 -9.997951814946713922e-01 0.000000000000000000e+00 -1.212881035403784402e+01 0.000000000000000000e+00 0.000000000000000000e+00 1.000000000000000000e+00 0.000000000000000000e+00
-9.998043854053061397e-01 1.977854707295786246e-02 0.000000000000000000e+00 5.478169854969834773e+00 -1.977854707295738368e-02 -9.998043854053062507e-01 0.000000000000000000e+00 -1.210255300804599621e+01 0.000000000000000000e+00 0.000000000000000000e+00 1.000000000000000000e+00 0.000000000000000000e+00
