-9.887861140990527042e-01 -1.493386104291009042e-01 0.000000000000000000e+00 5.546474804079114307e+00 1.493386104291009042e-01 -9.887861140990524822e-01 0.000000000000000000e+00 -1.479706882741164797e+01 0.000000000000000000e+00 0.000000000000000000e+00 1.000000000000000000e+00 0.000000000000000000e+00
-9.887861140990527042e-01 -1.493386104291009042e-01 0.000000000000000000e+00 5.546474804079114307e+00 1.493386104291009042e-01 -9.887861140990524822e-01 0.000000000000000000e+00 -1.479706882741164797e+01 0.000000000000000000e+00 0.000000000000000000e+00 1.000000000000000000e+00 0.000000000000000000e+00
-9.887861140990527042e-01 -1.493386104291009042e-01 0.000000000000000000e+00 5.546474804079114307e+00 1.493386104291009042e-01 -9.887861140990524822e-01 0.000000000000000000e+00 -1.479706882741164797e+01 0.000000000000000000e+00 0.000000000000000000e+00 1.000000000000000000e+00 0.000000000000000000e+00
-9.887861140990527042e-01 -1.493386104291009042e-01 0.000000000000000000e+00 5.546474804079114307e+00 1.493386104291009042e-01 -9.887861140990524822e-01 0.000000000000000000e+00 -1.479706882741164797e+01 0.000000000000000000e+00 0.000000000000000000e+00 1.000000000000000000e+00 0.000000000000000000e+00
-9.887861140990527042e-01 -1.493386104291009042e-01 0.000000000000000000e+00 5.546474804079114307e+00 1.493386104291009042e-01 -9.887861140990524822e-01 0.000000000000000000e+00 -1.479706882741164797e+01 0.000000000000000000e+00 0.000000000000000000e+00 1.000000000000000000e+00 0.000000000000000000e+00
-9.887861140990527042e-01 -1.493386104291009042e-01 0.000000000000000000e+00 5.546474804079114307e+00 1.493386104291009042e-01 -9.887861140990524822e-01 0.000000000000000000e+00 -1.479706882741164797e+01 0.000000000000000000e+00 0.000000000000000000e+00 1.000000000000000000e+00 0.000000000000000000e+00
-9.887861140990527042e-01 -1.493386104291009042e-01 0.000000000000000000e+00 5.546474804079114307e+00 1.493386104291009042e-01 -9.887861140990524822e-01 0.000000000000000000e+00 -1.479706882741164797e+01 0.000000000000000000e+00 0.000000000000000000e+00 1.000000000000000000e+00 0.000000000000000000e+00
-9.887861140990527042e-01 -1.493386104291009042e-01 0.000000000000000000e+00 5.546474804079114307e+00 1.493386104291009042e-01 -9.887861140990524822e-01 0.000000000000000000e+00 -1.479706882741164797e+01 0.000000000000000000e+00 0.000000000000000000e+00 1.000000000000000000e+00 0.000000000000000000e+00
-9.887861140990527042e-01 -1.493386104291009042e-01 0.000000000000000000e+00 5.546474804079114307e+00 1.493386104291009042e-01 -9.887861140990524822e-01 0.000000000000000000e+00 -1.479706882741164797e+01 0.000000000000000000e+00 0.000000000000000000e+00 1.000000000000000000e+00 0.000000000000000000e+00
-9.887861140990527042e-01 -1.493386104291009042e-01 0.000000000000000000e+00 5.546474804079114307e+00 1.493386104291009042e-01 -9.887861140990524822e-01 0.000000000000000000e+00 -1.479706882741164797e+01 0.000000000000000000e+00 0.000000000000000000e+00 1.000000000000000000e+00 0.000000000000000000e+00
-9.887861140990527042e-01 -1.493386104291009042e-01 0.000000000000000000e+00 5.546474804079114307e+00 1.493386104291009042e-01 -9.887861140990524822e-01 0.000000000000000000e+00 -1.479706882741164797e+01 0.000000000000000000e+00 0.000000000000000000e+00 1.000000000000000000e+00 0.000000000000000000e+00
-9.887861140990527042e-01 -1.493386104291009042e-01 0.000000000000000000e+00 5.546474804079114307e+00 1.493386104291009042e-01 -9.887861140990524822e-01 0.000000000000000000e+00 -1.479706882741164797e+01 0.000000000000000000e+00 0.000000000000000000e+00 1.000000000000000000e+00 0.000000000000000000e+00
-9.887861140990527042e-01 -1.493386104291009042e-01 0.000000000000000000e+00 5.546474804079114307e+00 1.493386104291009042e-01 -9.887861140990524822e-01 0.000000000000000000e+00 -1.479706882741164797e+01 0.000000000000000000e+00 0.000000000000000000e+00 1.000000000000000000e+00 0.000000000000000000e+00
-9.887861140990527042e-01 -1.493386104291009042e-01 0.000000000000000000e+00 5.546474804079114307e+00 1.493386104291009042e-01 -9.887861140990524822e-01 0.000000000000000000e+00 -1.479706882741164797e+01 0.000000000000000000e+00 0.000000000000000000e+00 1.000000000000000000e+00 0.000000000000000000e+00
-9.887861140990527042e-01 -1.493386104291009042e-01 0.000000000000000000e+00 5.546474804079114307e+00 1.493386104291009042e-01 -9.887861140990524822e-01 0.000000000000000000e+00 -1.479706882741164797e+01 0.000000000000000000e+00 0.000000000000000000e+00 1.000000000000000000e+00 0.000000000000000000e+00
-9.887861140990527042e-01 -1.493386104291009042e-01 0.000000000000000000e+00 5.546550687757422438e+00 1.493386104291009042e-01 -9.887861140990524822e-01 0.000000000000000000e+00 -1.479607171073474170e+01 0.000000000000000000e+00 0.000000000000000000e+00 1.000000000000000000e+00 0.000000000000000000e+00
-9.885564687897593350e-01 -1.508512778000942467e-01 0.000000000000000000e+00 5.547309524540504633e+00 1.508512778000942467e-01 -9.885564687897590019e-01 0.000000000000000000e+00 -1.478610054396566831e+01 0.000000000000000000e+00 0.000000000000000000e+00 1.000000000000000000e+00 0.000000000000000000e+00
-9.887861140990527042e-01 -1.493386104291009042e-01 0.000000000000000000e+00 5.551049082495408626e+00 1.493386104291009042e-01 -9.887861140990524822e-01 0.000000000000000000e+00 -1.476331862775342074e+01 0.000000000000000000e+00 0.000000000000000000e+00 1.000000000000000000e+00 0.000000000000000000e+00
-9.887861140990527042e-01 -1.493386104291009042e-01 0.000000000000000000e+00 5.555168058841854162e+00 1.493386104291009042e-01 -9.887861140990524822e-01 0.000000000000000000e+00 -1.473555112815663648e+01 0.000000000000000000e+00 0.000000000000000000e+00 1.000000000000000000e+00 0.000000000000000000e+00
-9.887861140990527042e-01 -1.493386104291009042e-01 0.000000000000000000e+00 5.558289918511390759e+00 1.493386104291009042e-01 -9.887861140990524822e-01 0.000000000000000000e+00 -1.470770774488154409e+01 0.000000000000000000e+00 0.000000000000000000e+00 1.000000000000000000e+00 0.000000000000000000e+00
-9.887861140990527042e-01 -1.493386104291009042e-01 0.000000000000000000e+00 5.562408894857836295e+00 1.493386104291009042e-01 -9.887861140990524822e-01 0.000000000000000000e+00 -1.467994024528475805e+01 0.000000000000000000e+00 0.000000000000000000e+00 1.000000000000000000e+00 0.000000000000000000e+00
-9.887861140990527042e-01 -1.493386104291009042e-01 0.000000000000000000e+00 5.566376103847663792e+00 1.493386104291009042e-01 -9.887861140990524822e-01 0.000000000000000000e+00 -1.465416697904178811e+01 0.000000000000000000e+00 0.000000000000000000e+00 1.000000000000000000e+00 0.000000000000000000e+00
-9.887861140990527042e-01 -1.493386104291009042e-01 0.000000000000000000e+00 5.570267429159184047e+00 1.493386104291009042e-01 -9.887861140990524822e-01 0.000000000000000000e+00 -1.462939082947572622e+01 0.000000000000000000e+00 0.000000000000000000e+00 1.000000000000000000e+00 0.000000000000000000e+00
-9.885564687897593350e-01 -1.508512778000942467e-01 0.000000000000000000e+00 5.573237521472105271e+00 1.508512778000942467e-01 -9.885564687897590019e-01 0.000000000000000000e+00 -1.460354167955444815e+01 0.000000000000000000e+00 0.000000000000000000e+00 1.000000000000000000e+00 0.000000000000000000e+00
-9.885564687897593350e-01 -1.508512778000942467e-01 0.000000000000000000e+00 5.577280614140241788e+00 1.508512778000942467e-01 -9.885564687897590019e-01 0.000000000000000000e+00 -1.457677129663457016e+01 0.000000000000000000e+00 0.000000000000000000e+00 1.000000000000000000e+00 0.000000000000000000e+00
-9.885564687897593350e-01 -1.508512778000942467e-01 0.000000000000000000e+00 5.581399590486686435e+00 1.508512778000942467e-01 -9.885564687897590019e-01 0.000000000000000000e+00 -1.454900379703778590e+01 0.000000000000000000e+00 0.000000000000000000e+00 1.000000000000000000e+00 0.000000000000000000e+00
-9.887861140990527042e-01 -1.493386104291009042e-01 0.000000000000000000e+00 5.584521450156223921e+00 1.493386104291009042e-01 -9.887861140990524822e-01 0.000000000000000000e+00 -1.452116041376269173e+01 0.000000000000000000e+00 0.000000000000000000e+00 1.000000000000000000e+00 0.000000000000000000e+00
-9.885564687897593350e-01 -1.508512778000942467e-01 0.000000000000000000e+00 5.588488659146051418e+00 1.508512778000942467e-01 -9.885564687897590019e-01 0.000000000000000000e+00 -1.449538714751972179e+01 0.000000000000000000e+00 0.000000000000000000e+00 1.000000000000000000e+00 0.000000000000000000e+00
-9.885564687897593350e-01 -1.508512778000942467e-01 0.000000000000000000e+00 5.592531751814187935e+00 1.508512778000942467e-01 -9.885564687897590019e-01 0.000000000000000000e+00 -1.446861676459984558e+01 0.000000000000000000e+00 0.000000000000000000e+00 1.000000000000000000e+00 0.000000000000000000e+00
-9.887861140990527042e-01 -1.493386104291009042e-01 0.000000000000000000e+00 5.596498960804017209e+00 1.493386104291009042e-01 -9.887861140990524822e-01 0.000000000000000000e+00 -1.444284349835687564e+01 0.000000000000000000e+00 0.000000000000000000e+00 1.000000000000000000e+00 0.000000000000000000e+00
-9.887861140990527042e-01 -1.493386104291009042e-01 0.000000000000000000e+00 5.599544936795245675e+00 1.493386104291009042e-01 -9.887861140990524822e-01 0.000000000000000000e+00 -1.441599723175868952e+01 0.000000000000000000e+00 0.000000000000000000e+00 1.000000000000000000e+00 0.000000000000000000e+00
-9.885564687897593350e-01 -1.508512778000942467e-01 0.000000000000000000e+00 5.603588029463382192e+00 1.508512778000942467e-01 -9.885564687897590019e-01 0.000000000000000000e+00 -1.438922684883881331e+01 0.000000000000000000e+00 0.000000000000000000e+00 1.000000000000000000e+00 0.000000000000000000e+00
-9.885564687897593350e-01 -1.508512778000942467e-01 0.000000000000000000e+00 5.607479354774902447e+00 1.508512778000942467e-01 -9.885564687897590019e-01 0.000000000000000000e+00 -1.436445069927274965e+01 0.000000000000000000e+00 0.000000000000000000e+00 1.000000000000000000e+00 0.000000000000000000e+00
-9.887861140990527042e-01 -1.493386104291009042e-01 0.000000000000000000e+00 5.610373563409514652e+00 1.493386104291009042e-01 -9.887861140990524822e-01 0.000000000000000000e+00 -1.433959866602837785e+01 0.000000000000000000e+00 0.000000000000000000e+00 1.000000000000000000e+00 0.000000000000000000e+00
-9.887861140990527042e-01 -1.493386104291009042e-01 0.000000000000000000e+00 5.614340772399343926e+00 1.493386104291009042e-01 -9.887861140990524822e-01 0.000000000000000000e+00 -1.431382539978540791e+01 0.000000000000000000e+00 0.000000000000000000e+00 1.000000000000000000e+00 0.000000000000000000e+00
-9.887861140990527042e-01 -1.493386104291009042e-01 0.000000000000000000e+00 5.618232097710863293e+00 1.493386104291009042e-01 -9.887861140990524822e-01 0.000000000000000000e+00 -1.428904925021934424e+01 0.000000000000000000e+00 0.000000000000000000e+00 1.000000000000000000e+00 0.000000000000000000e+00
-9.887861140990527042e-01 -1.493386104291009042e-01 0.000000000000000000e+00 5.621202190023783629e+00 1.493386104291009042e-01 -9.887861140990524822e-01 0.000000000000000000e+00 -1.426320010029806618e+01 0.000000000000000000e+00 0.000000000000000000e+00 1.000000000000000000e+00 0.000000000000000000e+00
-9.887861140990527042e-01 -1.493386104291009042e-01 0.000000000000000000e+00 5.625169399013612903e+00 1.493386104291009042e-01 -9.887861140990524822e-01 0.000000000000000000e+00 -1.423742683405509624e+01 0.000000000000000000e+00 0.000000000000000000e+00 1.000000000000000000e+00 0.000000000000000000e+00
-9.885564687897593350e-01 -1.508512778000942467e-01 0.000000000000000000e+00 5.628139491326533239e+00 1.508512778000942467e-01 -9.885564687897590019e-01 0.000000000000000000e+00 -1.421157768413381817e+01 0.000000000000000000e+00 0.000000000000000000e+00 1.000000000000000000e+00 0.000000000000000000e+00
-9.887861140990527042e-01 -1.493386104291009042e-01 0.000000000000000000e+00 5.632106700316362513e+00 1.493386104291009042e-01 -9.887861140990524822e-01 0.000000000000000000e+00 -1.418580441789084823e+01 0.000000000000000000e+00 0.000000000000000000e+00 1.000000000000000000e+00 0.000000000000000000e+00
-9.887861140990527042e-01 -1.493386104291009042e-01 0.000000000000000000e+00 5.636149792984499030e+00 1.493386104291009042e-01 -9.887861140990524822e-01 0.000000000000000000e+00 -1.415903403497097024e+01 0.000000000000000000e+00 0.000000000000000000e+00 1.000000000000000000e+00 0.000000000000000000e+00
-9.885564687897593350e-01 -1.508512778000942467e-01 0.000000000000000000e+00 5.640117001974325639e+00 1.508512778000942467e-01 -9.885564687897590019e-01 0.000000000000000000e+00 -1.413326076872800030e+01 0.000000000000000000e+00 0.000000000000000000e+00 1.000000000000000000e+00 0.000000000000000000e+00
-9.887861140990527042e-01 -1.493386104291009042e-01 0.000000000000000000e+00 5.643087094287247751e+00 1.493386104291009042e-01 -9.887861140990524822e-01 0.000000000000000000e+00 -1.410741161880672223e+01 0.000000000000000000e+00 0.000000000000000000e+00 1.000000000000000000e+00 0.000000000000000000e+00
-9.887861140990527042e-01 -1.493386104291009042e-01 0.000000000000000000e+00 5.647130186955384268e+00 1.493386104291009042e-01 -9.887861140990524822e-01 0.000000000000000000e+00 -1.408064123588684424e+01 0.000000000000000000e+00 0.000000000000000000e+00 1.000000000000000000e+00 0.000000000000000000e+00
-9.885564687897593350e-01 -1.508512778000942467e-01 0.000000000000000000e+00 5.651097395945211765e+00 1.508512778000942467e-01 -9.885564687897590019e-01 0.000000000000000000e+00 -1.405486796964387430e+01 0.000000000000000000e+00 0.000000000000000000e+00 1.000000000000000000e+00 0.000000000000000000e+00
-9.887861140990527042e-01 -1.493386104291009042e-01 0.000000000000000000e+00 5.654143371936442009e+00 1.493386104291009042e-01 -9.887861140990524822e-01 0.000000000000000000e+00 -1.402802170304568818e+01 0.000000000000000000e+00 0.000000000000000000e+00 1.000000000000000000e+00 0.000000000000000000e+00
-9.885564687897593350e-01 -1.508512778000942467e-01 0.000000000000000000e+00 5.658110580926269506e+00 1.508512778000942467e-01 -9.885564687897590019e-01 0.000000000000000000e+00 -1.400224843680271825e+01 0.000000000000000000e+00 0.000000000000000000e+00 1.000000000000000000e+00 0.000000000000000000e+00
-9.885564687897593350e-01 -1.508512778000942467e-01 0.000000000000000000e+00 5.662153673594405134e+00 1.508512778000942467e-01 -9.885564687897590019e-01 0.000000000000000000e+00 -1.397547805388284203e+01 0.000000000000000000e+00 0.000000000000000000e+00 1.000000000000000000e+00 0.000000000000000000e+00
-9.884536613745139588e-01 -1.515234612702515971e-01 0.000000000000000000e+00 5.665138319728113991e+00 1.515234612702515971e-01 -9.884536613745136258e-01 0.000000000000000000e+00 -1.394772451739725838e+01 0.000000000000000000e+00 0.000000000000000000e+00 1.000000000000000000e+00 0.000000000000000000e+00
-9.885820992222207337e-01 -1.506832210214087142e-01 0.000000000000000000e+00 5.668985874716714335e+00 1.506832210214087142e-01 -9.885820992222206227e-01 0.000000000000000000e+00 -1.392194214511289196e+01 0.000000000000000000e+00 0.000000000000000000e+00 1.000000000000000000e+00 0.000000000000000000e+00
-9.882466754089063166e-01 -1.528676177064436648e-01 0.000000000000000000e+00 5.672855754837789810e+00 1.528676177064436648e-01 -9.882466754089060945e-01 0.000000000000000000e+00 -1.389626176100656529e+01 0.000000000000000000e+00 0.000000000000000000e+00 1.000000000000000000e+00 0.000000000000000000e+00
-9.881409615089468135e-01 -1.535494714682329453e-01 0.000000000000000000e+00 5.675738489448726831e+00 1.535494714682329453e-01 -9.881409615089465914e-01 0.000000000000000000e+00 -1.387050625205871235e+01 0.000000000000000000e+00 0.000000000000000000e+00 1.000000000000000000e+00 0.000000000000000000e+00
-9.876727366930089236e-01 -1.565329524200634592e-01 0.000000000000000000e+00 5.678973477637552669e+00 1.565329524200634592e-01 -9.876727366930087015e-01 0.000000000000000000e+00 -1.384407552654051798e+01 0.000000000000000000e+00 0.000000000000000000e+00 1.000000000000000000e+00 0.000000000000000000e+00
-9.869486802855670371e-01 -1.610350970520932068e-01 0.000000000000000000e+00 5.681313443616100578e+00 1.610350970520932068e-01 -9.869486802855668151e-01 0.000000000000000000e+00 -1.381767697621631896e+01 0.000000000000000000e+00 0.000000000000000000e+00 1.000000000000000000e+00 0.000000000000000000e+00
-9.867482380503465045e-01 -1.622587892982573776e-01 0.000000000000000000e+00 5.683849239078599958e+00 1.622587892982573776e-01 -9.867482380503462824e-01 0.000000000000000000e+00 -1.379911588407786027e+01 0.000000000000000000e+00 0.000000000000000000e+00 1.000000000000000000e+00 0.000000000000000000e+00
-9.865430087492794708e-01 -1.635019629482128423e-01 0.000000000000000000e+00 5.686321504828499407e+00 1.635019629482128423e-01 -9.865430087492792488e-01 0.000000000000000000e+00 -1.378165313795756575e+01 0.000000000000000000e+00 0.000000000000000000e+00 1.000000000000000000e+00 0.000000000000000000e+00
-9.863345657146518342e-01 -1.647547403763814922e-01 0.000000000000000000e+00 5.687920010614705646e+00 1.647547403763814922e-01 -9.863345657146515011e-01 0.000000000000000000e+00 -1.376302071516149539e+01 0.000000000000000000e+00 0.000000000000000000e+00 1.000000000000000000e+00 0.000000000000000000e+00
-9.858660361016808871e-01 -1.675355450677818436e-01 0.000000000000000000e+00 5.690555517744896541e+00 1.675355450677818436e-01 -9.858660361016806650e-01 0.000000000000000000e+00 -1.374446721139086947e+01 0.000000000000000000e+00 0.000000000000000000e+00 1.000000000000000000e+00 0.000000000000000000e+00
-9.857686996683269198e-01 -1.681073191571841319e-01 0.000000000000000000e+00 5.693829070687750793e+00 1.681073191571841319e-01 -9.857686996683266978e-01 0.000000000000000000e+00 -1.371924289076314096e+01 0.000000000000000000e+00 0.000000000000000000e+00 1.000000000000000000e+00 0.000000000000000000e+00
-9.854117991185036285e-01 -1.701869153549514235e-01 0.000000000000000000e+00 5.698159567308125339e+00 1.701869153549514235e-01 -9.854117991185034064e-01 0.000000000000000000e+00 -1.369409900683442238e+01 0.000000000000000000e+00 0.000000000000000000e+00 1.000000000000000000e+00 0.000000000000000000e+00
-9.858308318991292341e-01 -1.677425732396828351e-01 0.000000000000000000e+00 5.701351151061746059e+00 1.677425732396828073e-01 -9.858308318991290120e-01 0.000000000000000000e+00 -1.367087423141799185e+01 0.000000000000000000e+00 0.000000000000000000e+00 1.000000000000000000e+00 0.000000000000000000e+00
-9.866295262256227216e-01 -1.629790722142045734e-01 0.000000000000000000e+00 5.705210985932752443e+00 1.629790722142045734e-01 -9.866295262256224996e-01 0.000000000000000000e+00 -1.364980638447606154e+01 0.000000000000000000e+00 0.000000000000000000e+00 1.000000000000000000e+00 0.000000000000000000e+00
-9.878831560979430826e-01 -1.551994519899037861e-01 0.000000000000000000e+00 5.708043790626544656e+00 1.551994519899037583e-01 -9.878831560979428605e-01 0.000000000000000000e+00 -1.362866037734547575e+01 0.000000000000000000e+00 0.000000000000000000e+00 1.000000000000000000e+00 0.000000000000000000e+00
-9.892998241227516365e-01 -1.458967374230558667e-01 0.000000000000000000e+00 5.710740884641412940e+00 1.458967374230558667e-01 -9.892998241227514145e-01 0.000000000000000000e+00 -1.360850693387109800e+01 0.000000000000000000e+00 0.000000000000000000e+00 1.000000000000000000e+00 0.000000000000000000e+00
-9.904173826695659155e-01 -1.381065100057418393e-01 0.000000000000000000e+00 5.713493920001052828e+00 1.381065100057418393e-01 -9.904173826695656935e-01 0.000000000000000000e+00 -1.358735485604624671e+01 0.000000000000000000e+00 0.000000000000000000e+00 1.000000000000000000e+00 0.000000000000000000e+00
-9.912730669333695843e-01 -1.318245302381578221e-01 0.000000000000000000e+00 5.715217542384539051e+00 1.318245302381578221e-01 -9.912730669333693623e-01 0.000000000000000000e+00 -1.356602414752826391e+01 0.000000000000000000e+00 0.000000000000000000e+00 1.000000000000000000e+00 0.000000000000000000e+00
-9.918956734045170087e-01 -1.270550002219480723e-01 0.000000000000000000e+00 5.717986634421873049e+00 1.270550002219480723e-01 -9.918956734045167867e-01 0.000000000000000000e+00 -1.354387040000580633e+01 0.000000000000000000e+00 0.000000000000000000e+00 1.000000000000000000e+00 0.000000000000000000e+00
-9.921152474620568151e-01 -1.253289102853017700e-01 0.000000000000000000e+00 5.720887551482284117e+00 1.253289102853017700e-01 -9.921152474620565931e-01 0.000000000000000000e+00 -1.351972090145596894e+01 0.000000000000000000e+00 0.000000000000000000e+00 1.000000000000000000e+00 0.000000000000000000e+00
-9.923305817182056510e-01 -1.236123642149397073e-01 0.000000000000000000e+00 5.722837322043790032e+00 1.236123642149397073e-01 -9.923305817182055399e-01 0.000000000000000000e+00 -1.349449612604056625e+01 0.000000000000000000e+00 0.000000000000000000e+00 1.000000000000000000e+00 0.000000000000000000e+00
-9.927270804534028548e-01 -1.203866426746033752e-01 0.000000000000000000e+00 5.725751912982956604e+00 1.203866426746033752e-01 -9.927270804534026327e-01 0.000000000000000000e+00 -1.346924448728864832e+01 0.000000000000000000e+00 0.000000000000000000e+00 1.000000000000000000e+00 0.000000000000000000e+00
-9.927499359966496240e-01 -1.201980223574732748e-01 0.000000000000000000e+00 5.728609059720447760e+00 1.201980223574732748e-01 -9.927499359966494019e-01 0.000000000000000000e+00 -1.344408876602050817e+01 0.000000000000000000e+00 0.000000000000000000e+00 1.000000000000000000e+00 0.000000000000000000e+00
-9.929552080178244422e-01 -1.184903155126139918e-01 0.000000000000000000e+00 5.731502205469170441e+00 1.184903155126139918e-01 -9.929552080178241091e-01 0.000000000000000000e+00 -1.341793289272832546e+01 0.000000000000000000e+00 0.000000000000000000e+00 1.000000000000000000e+00 0.000000000000000000e+00
-9.933339041496623834e-01 -1.152725243359785379e-01 0.000000000000000000e+00 5.733272495028833404e+00 1.152725243359785379e-01 -9.933339041496622723e-01 0.000000000000000000e+00 -1.339269445825082805e+01 0.000000000000000000e+00 0.000000000000000000e+00 1.000000000000000000e+00 0.000000000000000000e+00
-9.933534861250302717e-01 -1.151036559073987109e-01 0.000000000000000000e+00 5.736083488644464268e+00 1.151036559073987109e-01 -9.933534861250300496e-01 0.000000000000000000e+00 -1.336643204375990734e+01 0.000000000000000000e+00 0.000000000000000000e+00 1.000000000000000000e+00 0.000000000000000000e+00
-9.935465926528084246e-01 -1.134247249412314446e-01 0.000000000000000000e+00 5.738761154380112472e+00 1.134247249412314584e-01 -9.935465926528082026e-01 0.000000000000000000e+00 -1.334126266342967071e+01 0.000000000000000000e+00 0.000000000000000000e+00 1.000000000000000000e+00 0.000000000000000000e+00
-9.937368615128385763e-01 -1.117454700227848291e-01 0.000000000000000000e+00 5.741474819126992202e+00 1.117454700227848291e-01 -9.937368615128383542e-01 0.000000000000000000e+00 -1.331509313107539505e+01 0.000000000000000000e+00 0.000000000000000000e+00 1.000000000000000000e+00 0.000000000000000000e+00
-9.939242921616940896e-01 -1.100658959481772281e-01 0.000000000000000000e+00 5.743007303541102004e+00 1.100658959481772420e-01 -9.939242921616937565e-01 0.000000000000000000e+00 -1.329073920138180043e+01 0.000000000000000000e+00 0.000000000000000000e+00 1.000000000000000000e+00 0.000000000000000000e+00
-9.942714135395885888e-01 -1.068847801045028773e-01 0.000000000000000000e+00 5.745555344108751683e+00 1.068847801045028773e-01 -9.942714135395883668e-01 0.000000000000000000e+00 -1.326555995617338368e+01 0.000000000000000000e+00 0.000000000000000000e+00 1.000000000000000000e+00 0.000000000000000000e+00
-9.942863676648944216e-01 -1.067455810595911714e-01 0.000000000000000000e+00 5.748061117210386151e+00 1.067455810595911714e-01 -9.942863676648943105e-01 0.000000000000000000e+00 -1.324027720511335815e+01 0.000000000000000000e+00 0.000000000000000000e+00 1.000000000000000000e+00 0.000000000000000000e+00
-9.944632462201002943e-01 -1.050849747460581574e-01 0.000000000000000000e+00 5.750529388443884393e+00 1.050849747460581712e-01 -9.944632462201001832e-01 0.000000000000000000e+00 -1.321509188921067768e+01 0.000000000000000000e+00 0.000000000000000000e+00 1.000000000000000000e+00 0.000000000000000000e+00
-9.946363170269177933e-01 -1.034340217294495018e-01 0.000000000000000000e+00 5.751950687166628384e+00 1.034340217294495018e-01 -9.946363170269175713e-01 0.000000000000000000e+00 -1.318982689544577092e+01 0.000000000000000000e+00 0.000000000000000000e+00 1.000000000000000000e+00 0.000000000000000000e+00
-9.948056291369522519e-01 -1.017927317514964736e-01 0.000000000000000000e+00 5.754270893755496274e+00 1.017927317514964736e-01 -9.948056291369520299e-01 0.000000000000000000e+00 -1.316553291385804236e+01 0.000000000000000000e+00 0.000000000000000000e+00 1.000000000000000000e+00 0.000000000000000000e+00
-9.949722328892759426e-01 -1.001511646428941277e-01 0.000000000000000000e+00 5.756599568654225507e+00 1.001511646428941416e-01 -9.949722328892756096e-01 0.000000000000000000e+00 -1.314033697424039637e+01 0.000000000000000000e+00 0.000000000000000000e+00 1.000000000000000000e+00 0.000000000000000000e+00
-9.951351426873045192e-01 -9.851927622916108185e-02 0.000000000000000000e+00 5.758895947253710013e+00 9.851927622916109573e-02 -9.951351426873042971e-01 0.000000000000000000e+00 -1.311503828760792700e+01 0.000000000000000000e+00 0.000000000000000000e+00 1.000000000000000000e+00 0.000000000000000000e+00
-9.952944070494600393e-01 -9.689707578695688772e-02 0.000000000000000000e+00 5.760147736141379760e+00 9.689707578695690160e-02 -9.952944070494598172e-01 0.000000000000000000e+00 -1.308976039361770916e+01 0.000000000000000000e+00 0.000000000000000000e+00 1.000000000000000000e+00 0.000000000000000000e+00
-9.954510270144911743e-01 -9.527461789896904398e-02 0.000000000000000000e+00 5.762364345406712829e+00 9.527461789896904398e-02 -9.954510270144908413e-01 0.000000000000000000e+00 -1.306445563629097784e+01 0.000000000000000000e+00 0.000000000000000000e+00 1.000000000000000000e+00 0.000000000000000000e+00
-9.956040655974249809e-01 -9.366186292124389912e-02 0.000000000000000000e+00 5.764523510470368706e+00 9.366186292124391299e-02 -9.956040655974247588e-01 0.000000000000000000e+00 -1.303924679644801898e+01 0.000000000000000000e+00 0.000000000000000000e+00 1.000000000000000000e+00 0.000000000000000000e+00
-9.957535707792115609e-01 -9.205881967768966834e-02 0.000000000000000000e+00 5.765589732845270987e+00 9.205881967768966834e-02 -9.957535707792112278e-01 0.000000000000000000e+00 -1.301495767193009456e+01 0.000000000000000000e+00 0.000000000000000000e+00 1.000000000000000000e+00 0.000000000000000000e+00
-9.959004948687246728e-01 -9.045553780852091941e-02 0.000000000000000000e+00 5.767676716942604642e+00 9.045553780852093329e-02 -9.959004948687244507e-01 0.000000000000000000e+00 -1.298964304972518136e+01 0.000000000000000000e+00 0.000000000000000000e+00 1.000000000000000000e+00 0.000000000000000000e+00
-9.960439489151059478e-01 -8.886198191353543441e-02 0.000000000000000000e+00 5.769716228005031589e+00 8.886198191353544829e-02 -9.960439489151056147e-01 0.000000000000000000e+00 -1.296442510384082603e+01 0.000000000000000000e+00 0.000000000000000000e+00 1.000000000000000000e+00 0.000000000000000000e+00
-9.961839803577272612e-01 -8.727816037609170685e-02 0.000000000000000000e+00 5.771723442768212919e+00 8.727816037609172073e-02 -9.961839803577270391e-01 0.000000000000000000e+00 -1.293910441094164909e+01 0.000000000000000000e+00 0.000000000000000000e+00 1.000000000000000000e+00 0.000000000000000000e+00
-9.963214933481584490e-01 -8.569411819077767112e-02 0.000000000000000000e+00 5.772676096652811673e+00 8.569411819077767112e-02 -9.963214933481582269e-01 0.000000000000000000e+00 -1.291380375184793827e+01 0.000000000000000000e+00 0.000000000000000000e+00 1.000000000000000000e+00 0.000000000000000000e+00
-9.964556463903365691e-01 -8.411982392287842281e-02 0.000000000000000000e+00 5.774603542081840679e+00 8.411982392287843668e-02 -9.964556463903363470e-01 0.000000000000000000e+00 -1.288847698825449584e+01 0.000000000000000000e+00 0.000000000000000000e+00 1.000000000000000000e+00 0.000000000000000000e+00
-9.965864863781306315e-01 -8.255528552728587377e-02 0.000000000000000000e+00 5.776427573131192261e+00 8.255528552728588765e-02 -9.965864863781304095e-01 0.000000000000000000e+00 -1.286424553533208481e+01 0.000000000000000000e+00 0.000000000000000000e+00 1.000000000000000000e+00 0.000000000000000000e+00
-9.967148698803989237e-01 -8.099054364121181793e-02 0.000000000000000000e+00 5.778265278059299348e+00 8.099054364121183180e-02 -9.967148698803987017e-01 0.000000000000000000e+00 -1.283891194220759502e+01 0.000000000000000000e+00 0.000000000000000000e+00 1.000000000000000000e+00 0.000000000000000000e+00
-9.968400022748258316e-01 -7.943557052558217202e-02 0.000000000000000000e+00 5.779058393275592564e+00 7.943557052558218590e-02 -9.968400022748256095e-01 0.000000000000000000e+00 -1.281359914172535497e+01 0.000000000000000000e+00 0.000000000000000000e+00 1.000000000000000000e+00 0.000000000000000000e+00
-9.969627087599152171e-01 -7.788040409558730226e-02 0.000000000000000000e+00 5.780808740501716336e+00 7.788040409558731614e-02 -9.969627087599149950e-01 0.000000000000000000e+00 -1.278835918957429207e+01 0.000000000000000000e+00 0.000000000000000000e+00 1.000000000000000000e+00 0.000000000000000000e+00
-9.970822257367131236e-01 -7.633501896195349357e-02 0.000000000000000000e+00 5.782526791428594493e+00 7.633501896195349357e-02 -9.970822257367130126e-01 0.000000000000000000e+00 -1.276301649040840402e+01 0.000000000000000000e+00 0.000000000000000000e+00 1.000000000000000000e+00 0.000000000000000000e+00
-9.971982482483421339e-01 -7.480410209632519514e-02 0.000000000000000000e+00 5.784204957688396931e+00 7.480410209632520901e-02 -9.971982482483419119e-01 0.000000000000000000e+00 -1.273767075589538500e+01 0.000000000000000000e+00 0.000000000000000000e+00 1.000000000000000000e+00 0.000000000000000000e+00
-9.973122640425872154e-01 -7.326832869834128126e-02 0.000000000000000000e+00 5.784802535225153086e+00 7.326832869834129514e-02 -9.973122640425871044e-01 0.000000000000000000e+00 -1.271334596604865474e+01 0.000000000000000000e+00 0.000000000000000000e+00 1.000000000000000000e+00 0.000000000000000000e+00
-9.975310933535761482e-01 -7.022619022002066225e-02 0.000000000000000000e+00 5.786393343782971321e+00 7.022619022002069000e-02 -9.975310933535758151e-01 0.000000000000000000e+00 -1.268809387250906262e+01 0.000000000000000000e+00 0.000000000000000000e+00 1.000000000000000000e+00 0.000000000000000000e+00
-9.975303910417973041e-01 -7.023616552744280095e-02 0.000000000000000000e+00 5.787951856041544829e+00 7.023616552744281483e-02 -9.975303910417970821e-01 0.000000000000000000e+00 -1.266273903195464712e+01 0.000000000000000000e+00 0.000000000000000000e+00 1.000000000000000000e+00 0.000000000000000000e+00
-9.976359976254040030e-01 -6.871983878011207747e-02 0.000000000000000000e+00 5.788465778588303579e+00 6.871983878011210523e-02 -9.976359976254036699e-01 0.000000000000000000e+00 -1.263740498404248136e+01 0.000000000000000000e+00 0.000000000000000000e+00 1.000000000000000000e+00 0.000000000000000000e+00
-9.977379550046322487e-01 -6.722330803503998031e-02 0.000000000000000000e+00 5.789936933144893771e+00 6.722330803503999419e-02 -9.977379550046321377e-01 0.000000000000000000e+00 -1.261214378446148920e+01 0.000000000000000000e+00 0.000000000000000000e+00 1.000000000000000000e+00 0.000000000000000000e+00
-9.978376674738829166e-01 -6.572662603755315136e-02 0.000000000000000000e+00 5.791385762569007056e+00 6.572662603755316524e-02 -9.978376674738826946e-01 0.000000000000000000e+00 -1.258678059670245908e+01 0.000000000000000000e+00 0.000000000000000000e+00 1.000000000000000000e+00 0.000000000000000000e+00
-9.979351348088024709e-01 -6.422979615518591145e-02 0.000000000000000000e+00 5.792777147791444925e+00 6.422979615518591145e-02 -9.979351348088023599e-01 0.000000000000000000e+00 -1.256151332642720497e+01 0.000000000000000000e+00 0.000000000000000000e+00 1.000000000000000000e+00 0.000000000000000000e+00
-9.980291019340488123e-01 -6.275278235039155605e-02 0.000000000000000000e+00 5.793157559514360067e+00 6.275278235039158381e-02 -9.980291019340485903e-01 0.000000000000000000e+00 -1.253516622626568555e+01 0.000000000000000000e+00 0.000000000000000000e+00 1.000000000000000000e+00 0.000000000000000000e+00
-9.981208829767491686e-01 -6.127563109192828844e-02 0.000000000000000000e+00 5.794486734937245309e+00 6.127563109192830926e-02 -9.981208829767489465e-01 0.000000000000000000e+00 -1.250979393246525895e+01 0.000000000000000000e+00 0.000000000000000000e+00 1.000000000000000000e+00 0.000000000000000000e+00
-9.982098797024998582e-01 -5.980832771713451984e-02 0.000000000000000000e+00 5.795766054526284350e+00 5.980832771713454066e-02 -9.982098797024997472e-01 0.000000000000000000e+00 -1.248441784448091596e+01 0.000000000000000000e+00 0.000000000000000000e+00 1.000000000000000000e+00 0.000000000000000000e+00
-9.982961359380442268e-01 -5.835087806682502654e-02 0.000000000000000000e+00 5.797007872247185389e+00 5.835087806682504735e-02 -9.982961359380440047e-01 0.000000000000000000e+00 -1.245913919165391448e+01 0.000000000000000000e+00 0.000000000000000000e+00 1.000000000000000000e+00 0.000000000000000000e+00
-9.983802642059231847e-01 -5.689330403580639822e-02 0.000000000000000000e+00 5.797222659790872257e+00 5.689330403580641210e-02 -9.983802642059228516e-01 0.000000000000000000e+00 -1.243378237863825575e+01 0.000000000000000000e+00 0.000000000000000000e+00 1.000000000000000000e+00 0.000000000000000000e+00
-9.984617099207985236e-01 -5.544559335091336916e-02 0.000000000000000000e+00 5.798384708177620972e+00 5.544559335091338997e-02 -9.984617099207981905e-01 0.000000000000000000e+00 -1.240849765511699054e+01 0.000000000000000000e+00 0.000000000000000000e+00 1.000000000000000000e+00 0.000000000000000000e+00
-9.985405163427085729e-01 -5.400775149954489818e-02 0.000000000000000000e+00 5.799514460265124072e+00 5.400775149954491205e-02 -9.985405163427083508e-01 0.000000000000000000e+00 -1.238311018458090196e+01 0.000000000000000000e+00 0.000000000000000000e+00 1.000000000000000000e+00 0.000000000000000000e+00
-9.986172521913617706e-01 -5.256979765772182983e-02 0.000000000000000000e+00 5.800590653806795949e+00 5.256979765772185759e-02 -9.986172521913615485e-01 0.000000000000000000e+00 -1.235882181889975939e+01 0.000000000000000000e+00 0.000000000000000000e+00 1.000000000000000000e+00 0.000000000000000000e+00
-9.986914059403558808e-01 -5.114172172380156145e-02 0.000000000000000000e+00 5.800645902682177280e+00 5.114172172380158227e-02 -9.986914059403556587e-01 0.000000000000000000e+00 -1.233345286449557321e+01 0.000000000000000000e+00 0.000000000000000000e+00 1.000000000000000000e+00 0.000000000000000000e+00
-9.987630202802918467e-01 -4.972352884288123998e-02 0.000000000000000000e+00 5.801665971935220156e+00 4.972352884288125385e-02 -9.987630202802917356e-01 0.000000000000000000e+00 -1.230805704675486822e+01 0.000000000000000000e+00 0.000000000000000000e+00 1.000000000000000000e+00 0.000000000000000000e+00
-9.988321376125134377e-01 -4.831522402324598536e-02 0.000000000000000000e+00 5.802648539320125920e+00 4.831522402324601312e-02 -9.988321376125132156e-01 0.000000000000000000e+00 -1.228275866417150652e+01 0.000000000000000000e+00 0.000000000000000000e+00 1.000000000000000000e+00 0.000000000000000000e+00
-9.988992691668913126e-01 -4.690682314812977260e-02 0.000000000000000000e+00 5.803598810405786068e+00 4.690682314812979342e-02 -9.988992691668910906e-01 0.000000000000000000e+00 -1.225735753457332322e+01 0.000000000000000000e+00 0.000000000000000000e+00 1.000000000000000000e+00 0.000000000000000000e+00
-9.989639597767226986e-01 -4.550831865944654497e-02 0.000000000000000000e+00 5.803496903411800467e+00 4.550831865944656579e-02 -9.989639597767225876e-01 0.000000000000000000e+00 -1.223207690928508029e+01 0.000000000000000000e+00 0.000000000000000000e+00 1.000000000000000000e+00 0.000000000000000000e+00
-9.990262512703117492e-01 -4.411971523919235028e-02 0.000000000000000000e+00 5.804371290819152485e+00 4.411971523919237109e-02 -9.990262512703116382e-01 0.000000000000000000e+00 -1.220767289636380326e+01 0.000000000000000000e+00 0.000000000000000000e+00 1.000000000000000000e+00 0.000000000000000000e+00
-9.990866125455916125e-01 -4.273102657524961712e-02 0.000000000000000000e+00 5.805204290702521419e+00 4.273102657524964487e-02 -9.990866125455912794e-01 0.000000000000000000e+00 -1.218236313122869596e+01 0.000000000000000000e+00 0.000000000000000000e+00 1.000000000000000000e+00 0.000000000000000000e+00
-9.991446300134272374e-01 -4.135224679907182482e-02 0.000000000000000000e+00 5.806004994286645626e+00 4.135224679907185258e-02 -9.991446300134269043e-01 0.000000000000000000e+00 -1.215695061907876351e+01 0.000000000000000000e+00 0.000000000000000000e+00 1.000000000000000000e+00 0.000000000000000000e+00
-9.992003449266886328e-01 -3.998338027713561199e-02 0.000000000000000000e+00 5.805763490957892792e+00 3.998338027713563281e-02 -9.992003449266884108e-01 0.000000000000000000e+00 -1.213165937007555684e+01 0.000000000000000000e+00 0.000000000000000000e+00 1.000000000000000000e+00 0.000000000000000000e+00
-9.993117240271432999e-01 -3.709552832752774365e-02 0.000000000000000000e+00 5.806494396374633382e+00 3.709552832752777141e-02 -9.993117240271429669e-01 0.000000000000000000e+00 -1.210624154606814606e+01 0.000000000000000000e+00 0.000000000000000000e+00 1.000000000000000000e+00 0.000000000000000000e+00
-9.993054033473035558e-01 -3.726541078376392757e-02 0.000000000000000000e+00 5.807187799923235971e+00 3.726541078376395533e-02 -9.993054033473032227e-01 0.000000000000000000e+00 -1.208092115721807502e+01 0.000000000000000000e+00 0.000000000000000000e+00 1.000000000000000000e+00 0.000000000000000000e+00
-9.993544418065526402e-01 -3.592630848713659203e-02 0.000000000000000000e+00 5.806848087783698986e+00 3.592630848713661978e-02 -9.993544418065525292e-01 0.000000000000000000e+00 -1.205652503671373665e+01 0.000000000000000000e+00 0.000000000000000000e+00 1.000000000000000000e+00 0.000000000000000000e+00
-9.994020316466816212e-01 -3.457714766265190115e-02 0.000000000000000000e+00 5.807471693164917959e+00 3.457714766265192891e-02 -9.994020316466813991e-01 0.000000000000000000e+00 -1.203119933600618374e+01 0.000000000000000000e+00 0.000000000000000000e+00 1.000000000000000000e+00 0.000000000000000000e+00
-9.994471353185184759e-01 -3.324791277067946221e-02 0.000000000000000000e+00 5.808055413879061213e+00 3.324791277067948303e-02 -9.994471353185181428e-01 0.000000000000000000e+00 -1.200587059995149808e+01 0.000000000000000000e+00 0.000000000000000000e+00 1.000000000000000000e+00 0.000000000000000000e+00
-9.995381366833030468e-01 -3.038936188323293486e-02 0.000000000000000000e+00 5.808616809460726671e+00 3.038936188323295914e-02 -9.995381366833028247e-01 0.000000000000000000e+00 -1.198043987571877445e+01 0.000000000000000000e+00 0.000000000000000000e+00 1.000000000000000000e+00 0.000000000000000000e+00
-9.995314268349199116e-01 -3.060925953610697456e-02 0.000000000000000000e+00 5.808126026962748156e+00 3.060925953610699191e-02 -9.995314268349196896e-01 0.000000000000000000e+00 -1.195512965579599118e+01 0.000000000000000000e+00 0.000000000000000000e+00 1.000000000000000000e+00 0.000000000000000000e+00
-9.995706673056252711e-01 -2.929984747718793539e-02 0.000000000000000000e+00 5.808610036009199007e+00 2.929984747718796315e-02 -9.995706673056251601e-01 0.000000000000000000e+00 -1.192979333137347453e+01 0.000000000000000000e+00 0.000000000000000000e+00 1.000000000000000000e+00 0.000000000000000000e+00
