-9.972674873352087577e-01 -7.387529156706805489e-02 0.000000000000000000e+00 5.539298999999999751e+00 7.387529156706805489e-02 -9.972674873352087577e-01 0.000000000000000000e+00 -1.489009800000000006e+01 0.000000000000000000e+00 0.000000000000000000e+00 1.000000000000000000e+00 0.000000000000000000e+00
-9.972674873352087577e-01 -7.387529156706805489e-02 0.000000000000000000e+00 5.539298999999999751e+00 7.387529156706805489e-02 -9.972674873352087577e-01 0.000000000000000000e+00 -1.489009800000000006e+01 0.000000000000000000e+00 0.000000000000000000e+00 1.000000000000000000e+00 0.000000000000000000e+00
-9.972674873352087577e-01 -7.387529156706805489e-02 0.000000000000000000e+00 5.539298999999999751e+00 7.387529156706805489e-02 -9.972674873352087577e-01 0.000000000000000000e+00 -1.489009800000000006e+01 0.000000000000000000e+00 0.000000000000000000e+00 1.000000000000000000e+00 0.000000000000000000e+00
-9.972674873352087577e-01 -7.387529156706805489e-02 0.000000000000000000e+00 5.539298999999999751e+00 7.387529156706805489e-02 -9.972674873352087577e-01 0.000000000000000000e+00 -1.489009800000000006e+01 0.000000000000000000e+00 0.000000000000000000e+00 1.000000000000000000e+00 0.000000000000000000e+00
-9.972674873352087577e-01 -7.387529156706805489e-02 0.000000000000000000e+00 5.539298999999999751e+00 7.387529156706805489e-02 -9.972674873352087577e-01 0.000000000000000000e+00 -1.489009800000000006e+01 0.000000000000000000e+00 0.000000000000000000e+00 1.000000000000000000e+00 0.000000000000000000e+00
-9.972674873352087577e-01 -7.387529156706805489e-02 0.000000000000000000e+00 5.539298999999999751e+00 7.387529156706805489e-02 -9.972674873352087577e-01 0.000000000000000000e+00 -1.489009800000000006e+01 0.000000000000000000e+00 0.000000000000000000e+00 1.000000000000000000e+00 0.000000000000000000e+00
-9.972674873352087577e-01 -7.387529156706805489e-02 0.000000000000000000e+00 5.539298999999999751e+00 7.387529156706805489e-02 -9.972674873352087577e-01 0.000000000000000000e+00 -1.489009800000000006e+01 0.000000000000000000e+00 0.000000000000000000e+00 1.000000000000000000e+00 0.000000000000000000e+00
-9.972674873352087577e-01 -7.387529156706805489e-02 0.000000000000000000e+00 5.539298999999999751e+00 7.387529156706805489e-02 -9.972674873352087577e-01 0.000000000000000000e+00 -1.489009800000000006e+01 0.000000000000000000e+00 0.000000000000000000e+00 1.000000000000000000e+00 0.000000000000000000e+00
-9.972674873352087577e-01 -7.387529156706805489e-02 0.000000000000000000e+00 5.539298999999999751e+00 7.387529156706805489e-02 -9.972674873352087577e-01 0.000000000000000000e+00 -1.489009800000000006e+01 0.000000000000000000e+00 0.000000000000000000e+00 1.000000000000000000e+00 0.000000000000000000e+00
-9.972674873352087577e-01 -7.387529156706805489e-02 0.000000000000000000e+00 5.539298999999999751e+00 7.387529156706805489e-02 -9.972674873352087577e-01 0.000000000000000000e+00 -1.489009800000000006e+01 0.000000000000000000e+00 0.000000000000000000e+00 1.000000000000000000e+00 0.000000000000000000e+00
-9.972674873352087577e-01 -7.387529156706805489e-02 0.000000000000000000e+00 5.539298999999999751e+00 7.387529156706805489e-02 -9.972674873352087577e-01 0.000000000000000000e+00 -1.489009800000000006e+01 0.000000000000000000e+00 0.000000000000000000e+00 1.000000000000000000e+00 0.000000000000000000e+00
-9.972674873352087577e-01 -7.387529156706805489e-02 0.000000000000000000e+00 5.539298999999999751e+00 7.387529156706805489e-02 -9.972674873352087577e-01 0.000000000000000000e+00 -1.489009800000000006e+01 0.000000000000000000e+00 0.000000000000000000e+00 1.000000000000000000e+00 0.000000000000000000e+00
-9.972674873352087577e-01 -7.387529156706805489e-02 0.000000000000000000e+00 5.539298999999999751e+00 7.387529156706805489e-02 -9.972674873352087577e-01 0.000000000000000000e+00 -1.489009800000000006e+01 0.000000000000000000e+00 0.000000000000000000e+00 1.000000000000000000e+00 0.000000000000000000e+00
-9.972674873352087577e-01 -7.387529156706805489e-02 0.000000000000000000e+00 5.539298999999999751e+00 7.387529156706805489e-02 -9.972674873352087577e-01 0.000000000000000000e+00 -1.489009800000000006e+01 0.000000000000000000e+00 0.000000000000000000e+00 1.000000000000000000e+00 0.000000000000000000e+00
-9.972674873352087577e-01 -7.387529156706805489e-02 0.000000000000000000e+00 5.539298999999999751e+00 7.387529156706805489e-02 -9.972674873352087577e-01 0.000000000000000000e+00 -1.489009800000000006e+01 0.000000000000000000e+00 0.000000000000000000e+00 1.000000000000000000e+00 0.000000000000000000e+00
-9.972674873352087577e-01 -7.387529156706805489e-02 0.000000000000000000e+00 5.539298999999999751e+00 7.387529156706805489e-02 -9.972674873352087577e-01 0.000000000000000000e+00 -1.488909800000000061e+01 0.000000000000000000e+00 0.000000000000000000e+00 1.000000000000000000e+00 0.000000000000000000e+00
-9.971532909317065707e-01 -7.540102376007427887e-02 0.000000000000000000e+00 5.539298999999999751e+00 7.540102376007427887e-02 -9.971532909317065707e-01 0.000000000000000000e+00 -1.487909799999999905e+01 0.000000000000000000e+00 0.000000000000000000e+00 1.000000000000000000e+00 0.000000000000000000e+00
-9.972674873352087577e-01 -7.387529156706805489e-02 0.000000000000000000e+00 5.541298999999999531e+00 7.387529156706805489e-02 -9.972674873352087577e-01 0.000000000000000000e+00 -1.485609799999999936e+01 0.000000000000000000e+00 0.000000000000000000e+00 1.000000000000000000e+00 0.000000000000000000e+00
-9.972674873352087577e-01 -7.387529156706805489e-02 0.000000000000000000e+00 5.543299000000000198e+00 7.387529156706805489e-02 -9.972674873352087577e-01 0.000000000000000000e+00 -1.482809800000000067e+01 0.000000000000000000e+00 0.000000000000000000e+00 1.000000000000000000e+00 0.000000000000000000e+00
-9.972674873352087577e-01 -7.387529156706805489e-02 0.000000000000000000e+00 5.544298999999999644e+00 7.387529156706805489e-02 -9.972674873352087577e-01 0.000000000000000000e+00 -1.480009800000000020e+01 0.000000000000000000e+00 0.000000000000000000e+00 1.000000000000000000e+00 0.000000000000000000e+00
-9.972674873352087577e-01 -7.387529156706805489e-02 0.000000000000000000e+00 5.546299000000000312e+00 7.387529156706805489e-02 -9.972674873352087577e-01 0.000000000000000000e+00 -1.477209799999999973e+01 0.000000000000000000e+00 0.000000000000000000e+00 1.000000000000000000e+00 0.000000000000000000e+00
-9.972674873352087577e-01 -7.387529156706805489e-02 0.000000000000000000e+00 5.548299000000000092e+00 7.387529156706805489e-02 -9.972674873352087577e-01 0.000000000000000000e+00 -1.474609799999999993e+01 0.000000000000000000e+00 0.000000000000000000e+00 1.000000000000000000e+00 0.000000000000000000e+00
-9.972674873352087577e-01 -7.387529156706805489e-02 0.000000000000000000e+00 5.550298999999999872e+00 7.387529156706805489e-02 -9.972674873352087577e-01 0.000000000000000000e+00 -1.472109799999999957e+01 0.000000000000000000e+00 0.000000000000000000e+00 1.000000000000000000e+00 0.000000000000000000e+00
-9.971532909317065707e-01 -7.540102376007427887e-02 0.000000000000000000e+00 5.551299000000000206e+00 7.540102376007427887e-02 -9.971532909317065707e-01 0.000000000000000000e+00 -1.469509799999999977e+01 0.000000000000000000e+00 0.000000000000000000e+00 1.000000000000000000e+00 0.000000000000000000e+00
-9.971532909317065707e-01 -7.540102376007427887e-02 0.000000000000000000e+00 5.553298999999999985e+00 7.540102376007427887e-02 -9.971532909317065707e-01 0.000000000000000000e+00 -1.466809800000000052e+01 0.000000000000000000e+00 0.000000000000000000e+00 1.000000000000000000e+00 0.000000000000000000e+00
-9.971532909317065707e-01 -7.540102376007427887e-02 0.000000000000000000e+00 5.555298999999999765e+00 7.540102376007427887e-02 -9.971532909317065707e-01 0.000000000000000000e+00 -1.464009800000000006e+01 0.000000000000000000e+00 0.000000000000000000e+00 1.000000000000000000e+00 0.000000000000000000e+00
-9.972674873352087577e-01 -7.387529156706805489e-02 0.000000000000000000e+00 5.556299000000000099e+00 7.387529156706805489e-02 -9.972674873352087577e-01 0.000000000000000000e+00 -1.461209799999999959e+01 0.000000000000000000e+00 0.000000000000000000e+00 1.000000000000000000e+00 0.000000000000000000e+00
-9.971532909317065707e-01 -7.540102376007427887e-02 0.000000000000000000e+00 5.558298999999999879e+00 7.540102376007427887e-02 -9.971532909317065707e-01 0.000000000000000000e+00 -1.458609799999999979e+01 0.000000000000000000e+00 0.000000000000000000e+00 1.000000000000000000e+00 0.000000000000000000e+00
-9.971532909317065707e-01 -7.540102376007427887e-02 0.000000000000000000e+00 5.560298999999999658e+00 7.540102376007427887e-02 -9.971532909317065707e-01 0.000000000000000000e+00 -1.455909800000000054e+01 0.000000000000000000e+00 0.000000000000000000e+00 1.000000000000000000e+00 0.000000000000000000e+00
-9.972674873352087577e-01 -7.387529156706805489e-02 0.000000000000000000e+00 5.562299000000000326e+00 7.387529156706805489e-02 -9.972674873352087577e-01 0.000000000000000000e+00 -1.453309800000000074e+01 0.000000000000000000e+00 0.000000000000000000e+00 1.000000000000000000e+00 0.000000000000000000e+00
-9.972674873352087577e-01 -7.387529156706805489e-02 0.000000000000000000e+00 5.563298999999999772e+00 7.387529156706805489e-02 -9.972674873352087577e-01 0.000000000000000000e+00 -1.450609799999999971e+01 0.000000000000000000e+00 0.000000000000000000e+00 1.000000000000000000e+00 0.000000000000000000e+00
-9.971532909317065707e-01 -7.540102376007427887e-02 0.000000000000000000e+00 5.565298999999999552e+00 7.540102376007427887e-02 -9.971532909317065707e-01 0.000000000000000000e+00 -1.447909800000000047e+01 0.000000000000000000e+00 0.000000000000000000e+00 1.000000000000000000e+00 0.000000000000000000e+00
-9.971532909317065707e-01 -7.540102376007427887e-02 0.000000000000000000e+00 5.567299000000000220e+00 7.540102376007427887e-02 -9.971532909317065707e-01 0.000000000000000000e+00 -1.445409800000000011e+01 0.000000000000000000e+00 0.000000000000000000e+00 1.000000000000000000e+00 0.000000000000000000e+00
-9.972674873352087577e-01 -7.387529156706805489e-02 0.000000000000000000e+00 5.568298999999999666e+00 7.387529156706805489e-02 -9.972674873352087577e-01 0.000000000000000000e+00 -1.442909799999999976e+01 0.000000000000000000e+00 0.000000000000000000e+00 1.000000000000000000e+00 0.000000000000000000e+00
-9.972674873352087577e-01 -7.387529156706805489e-02 0.000000000000000000e+00 5.570299000000000333e+00 7.387529156706805489e-02 -9.972674873352087577e-01 0.000000000000000000e+00 -1.440309799999999996e+01 0.000000000000000000e+00 0.000000000000000000e+00 1.000000000000000000e+00 0.000000000000000000e+00
-9.972674873352087577e-01 -7.387529156706805489e-02 0.000000000000000000e+00 5.572299000000000113e+00 7.387529156706805489e-02 -9.972674873352087577e-01 0.000000000000000000e+00 -1.437809799999999960e+01 0.000000000000000000e+00 0.000000000000000000e+00 1.000000000000000000e+00 0.000000000000000000e+00
-9.972674873352087577e-01 -7.387529156706805489e-02 0.000000000000000000e+00 5.573298999999999559e+00 7.387529156706805489e-02 -9.972674873352087577e-01 0.000000000000000000e+00 -1.435209799999999980e+01 0.000000000000000000e+00 0.000000000000000000e+00 1.000000000000000000e+00 0.000000000000000000e+00
-9.972674873352087577e-01 -7.387529156706805489e-02 0.000000000000000000e+00 5.575299000000000227e+00 7.387529156706805489e-02 -9.972674873352087577e-01 0.000000000000000000e+00 -1.432609800000000000e+01 0.000000000000000000e+00 0.000000000000000000e+00 1.000000000000000000e+00 0.000000000000000000e+00
-9.971532909317065707e-01 -7.540102376007427887e-02 0.000000000000000000e+00 5.576298999999999673e+00 7.540102376007427887e-02 -9.971532909317065707e-01 0.000000000000000000e+00 -1.430009800000000020e+01 0.000000000000000000e+00 0.000000000000000000e+00 1.000000000000000000e+00 0.000000000000000000e+00
-9.972674873352087577e-01 -7.387529156706805489e-02 0.000000000000000000e+00 5.578299000000000341e+00 7.387529156706805489e-02 -9.972674873352087577e-01 0.000000000000000000e+00 -1.427409800000000040e+01 0.000000000000000000e+00 0.000000000000000000e+00 1.000000000000000000e+00 0.000000000000000000e+00
-9.972674873352087577e-01 -7.387529156706805489e-02 0.000000000000000000e+00 5.580299000000000120e+00 7.387529156706805489e-02 -9.972674873352087577e-01 0.000000000000000000e+00 -1.424709799999999937e+01 0.000000000000000000e+00 0.000000000000000000e+00 1.000000000000000000e+00 0.000000000000000000e+00
-9.971532909317065707e-01 -7.540102376007427887e-02 0.000000000000000000e+00 5.582298999999999900e+00 7.540102376007427887e-02 -9.971532909317065707e-01 0.000000000000000000e+00 -1.422109799999999957e+01 0.000000000000000000e+00 0.000000000000000000e+00 1.000000000000000000e+00 0.000000000000000000e+00
-9.972674873352087577e-01 -7.387529156706805489e-02 0.000000000000000000e+00 5.583299000000000234e+00 7.387529156706805489e-02 -9.972674873352087577e-01 0.000000000000000000e+00 -1.419509799999999977e+01 0.000000000000000000e+00 0.000000000000000000e+00 1.000000000000000000e+00 0.000000000000000000e+00
-9.972674873352087577e-01 -7.387529156706805489e-02 0.000000000000000000e+00 5.585299000000000014e+00 7.387529156706805489e-02 -9.972674873352087577e-01 0.000000000000000000e+00 -1.416809800000000052e+01 0.000000000000000000e+00 0.000000000000000000e+00 1.000000000000000000e+00 0.000000000000000000e+00
-9.971532909317065707e-01 -7.540102376007427887e-02 0.000000000000000000e+00 5.587298999999999793e+00 7.540102376007427887e-02 -9.971532909317065707e-01 0.000000000000000000e+00 -1.414209800000000072e+01 0.000000000000000000e+00 0.000000000000000000e+00 1.000000000000000000e+00 0.000000000000000000e+00
-9.972674873352087577e-01 -7.387529156706805489e-02 0.000000000000000000e+00 5.588299000000000127e+00 7.387529156706805489e-02 -9.972674873352087577e-01 0.000000000000000000e+00 -1.411509799999999970e+01 0.000000000000000000e+00 0.000000000000000000e+00 1.000000000000000000e+00 0.000000000000000000e+00
-9.971532909317065707e-01 -7.540102376007427887e-02 0.000000000000000000e+00 5.590298999999999907e+00 7.540102376007427887e-02 -9.971532909317065707e-01 0.000000000000000000e+00 -1.408909799999999990e+01 0.000000000000000000e+00 0.000000000000000000e+00 1.000000000000000000e+00 0.000000000000000000e+00
-9.971532909317065707e-01 -7.540102376007427887e-02 0.000000000000000000e+00 5.592298999999999687e+00 7.540102376007427887e-02 -9.971532909317065707e-01 0.000000000000000000e+00 -1.406209800000000065e+01 0.000000000000000000e+00 0.000000000000000000e+00 1.000000000000000000e+00 0.000000000000000000e+00
-9.971532909317065707e-01 -7.540102376007427887e-02 0.000000000000000000e+00 5.593299000000000021e+00 7.540102376007427887e-02 -9.971532909317065707e-01 0.000000000000000000e+00 -1.403509799999999963e+01 0.000000000000000000e+00 0.000000000000000000e+00 1.000000000000000000e+00 0.000000000000000000e+00
-9.972674873352087577e-01 -7.387529156706805489e-02 0.000000000000000000e+00 5.595298999999999801e+00 7.387529156706805489e-02 -9.972674873352087577e-01 0.000000000000000000e+00 -1.401009799999999927e+01 0.000000000000000000e+00 0.000000000000000000e+00 1.000000000000000000e+00 0.000000000000000000e+00
-9.971532909317065707e-01 -7.540102376007427887e-02 0.000000000000000000e+00 5.597298999999999580e+00 7.540102376007427887e-02 -9.971532909317065707e-01 0.000000000000000000e+00 -1.398509800000000070e+01 0.000000000000000000e+00 0.000000000000000000e+00 1.000000000000000000e+00 0.000000000000000000e+00
-9.971532909317065707e-01 -7.540102376007427887e-02 0.000000000000000000e+00 5.598298999999999914e+00 7.540102376007427887e-02 -9.971532909317065707e-01 0.000000000000000000e+00 -1.396009800000000034e+01 0.000000000000000000e+00 0.000000000000000000e+00 1.000000000000000000e+00 0.000000000000000000e+00
-9.972674873352087577e-01 -7.387529156706805489e-02 0.000000000000000000e+00 5.600298999999999694e+00 7.387529156706805489e-02 -9.972674873352087577e-01 0.000000000000000000e+00 -1.393509799999999998e+01 0.000000000000000000e+00 0.000000000000000000e+00 1.000000000000000000e+00 0.000000000000000000e+00
-9.972674873352087577e-01 -7.387529156706805489e-02 0.000000000000000000e+00 5.601299000000000028e+00 7.387529156706805489e-02 -9.972674873352087577e-01 0.000000000000000000e+00 -1.391009799999999963e+01 0.000000000000000000e+00 0.000000000000000000e+00 1.000000000000000000e+00 0.000000000000000000e+00
-9.972674873352087577e-01 -7.387529156706805489e-02 0.000000000000000000e+00 5.603298999999999808e+00 7.387529156706805489e-02 -9.972674873352087577e-01 0.000000000000000000e+00 -1.388509799999999927e+01 0.000000000000000000e+00 0.000000000000000000e+00 1.000000000000000000e+00 0.000000000000000000e+00
-9.972674873352087577e-01 -7.387529156706805489e-02 0.000000000000000000e+00 5.605298999999999587e+00 7.387529156706805489e-02 -9.972674873352087577e-01 0.000000000000000000e+00 -1.386109800000000014e+01 0.000000000000000000e+00 0.000000000000000000e+00 1.000000000000000000e+00 0.000000000000000000e+00
-9.972674873352087577e-01 -7.387529156706805489e-02 0.000000000000000000e+00 5.606298999999999921e+00 7.387529156706805489e-02 -9.972674873352087577e-01 0.000000000000000000e+00 -1.383609799999999979e+01 0.000000000000000000e+00 0.000000000000000000e+00 1.000000000000000000e+00 0.000000000000000000e+00
-9.971532909317065707e-01 -7.540102376007427887e-02 0.000000000000000000e+00 5.608298999999999701e+00 7.540102376007427887e-02 -9.971532909317065707e-01 0.000000000000000000e+00 -1.381109799999999943e+01 0.000000000000000000e+00 0.000000000000000000e+00 1.000000000000000000e+00 0.000000000000000000e+00
-9.972674873352087577e-01 -7.387529156706805489e-02 0.000000000000000000e+00 5.609299000000000035e+00 7.387529156706805489e-02 -9.972674873352087577e-01 0.000000000000000000e+00 -1.378609799999999908e+01 0.000000000000000000e+00 0.000000000000000000e+00 1.000000000000000000e+00 0.000000000000000000e+00
-9.972674873352087577e-01 -7.387529156706805489e-02 0.000000000000000000e+00 5.611298999999999815e+00 7.387529156706805489e-02 -9.972674873352087577e-01 0.000000000000000000e+00 -1.376109800000000050e+01 0.000000000000000000e+00 0.000000000000000000e+00 1.000000000000000000e+00 0.000000000000000000e+00
-9.975960684857164695e-01 -6.929707166859011558e-02 0.000000000000000000e+00 5.612299000000000149e+00 6.929707166859011558e-02 -9.975960684857164695e-01 0.000000000000000000e+00 -1.373809799999999903e+01 0.000000000000000000e+00 0.000000000000000000e+00 1.000000000000000000e+00 0.000000000000000000e+00
-9.978034466524697832e-01 -6.624410802820072941e-02 0.000000000000000000e+00 5.614298999999999928e+00 6.624410802820072941e-02 -9.978034466524697832e-01 0.000000000000000000e+00 -1.371609800000000057e+01 0.000000000000000000e+00 0.000000000000000000e+00 1.000000000000000000e+00 0.000000000000000000e+00
-9.981901720564678726e-01 -6.013634849140028771e-02 0.000000000000000000e+00 5.615299000000000262e+00 6.013634849140028771e-02 -9.981901720564678726e-01 0.000000000000000000e+00 -1.369409800000000033e+01 0.000000000000000000e+00 0.000000000000000000e+00 1.000000000000000000e+00 0.000000000000000000e+00
-9.986210024855679546e-01 -5.249850849994982388e-02 0.000000000000000000e+00 5.616298999999999708e+00 5.249850849994982388e-02 -9.986210024855679546e-01 0.000000000000000000e+00 -1.367309799999999953e+01 0.000000000000000000e+00 0.000000000000000000e+00 1.000000000000000000e+00 0.000000000000000000e+00
-9.989235900350981190e-01 -4.638600296847229104e-02 0.000000000000000000e+00 5.617299000000000042e+00 4.638600296847229104e-02 -9.989235900350981190e-01 0.000000000000000000e+00 -1.365109799999999929e+01 0.000000000000000000e+00 0.000000000000000000e+00 1.000000000000000000e+00 0.000000000000000000e+00
-9.991259783485474388e-01 -4.180047115832555976e-02 0.000000000000000000e+00 5.617299000000000042e+00 4.180047115832555976e-02 -9.991259783485474388e-01 0.000000000000000000e+00 -1.362909799999999905e+01 0.000000000000000000e+00 0.000000000000000000e+00 1.000000000000000000e+00 0.000000000000000000e+00
-9.992492098863210437e-01 -3.874295473454571204e-02 0.000000000000000000e+00 5.618299000000000376e+00 3.874295473454571204e-02 -9.992492098863210437e-01 0.000000000000000000e+00 -1.360609799999999936e+01 0.000000000000000000e+00 0.000000000000000000e+00 1.000000000000000000e+00 0.000000000000000000e+00
-9.992492098863210437e-01 -3.874295473454571204e-02 0.000000000000000000e+00 5.619298999999999822e+00 3.874295473454571204e-02 -9.992492098863210437e-01 0.000000000000000000e+00 -1.358109800000000078e+01 0.000000000000000000e+00 0.000000000000000000e+00 1.000000000000000000e+00 0.000000000000000000e+00
-9.992492098863210437e-01 -3.874295473454571204e-02 0.000000000000000000e+00 5.619298999999999822e+00 3.874295473454571204e-02 -9.992492098863210437e-01 0.000000000000000000e+00 -1.355509799999999920e+01 0.000000000000000000e+00 0.000000000000000000e+00 1.000000000000000000e+00 0.000000000000000000e+00
-9.993073170129285199e-01 -3.721405869321857407e-02 0.000000000000000000e+00 5.620299000000000156e+00 3.721405869321857407e-02 -9.993073170129285199e-01 0.000000000000000000e+00 -1.352909799999999940e+01 0.000000000000000000e+00 0.000000000000000000e+00 1.000000000000000000e+00 0.000000000000000000e+00
-9.992492098863210437e-01 -3.874295473454571204e-02 0.000000000000000000e+00 5.621298999999999602e+00 3.874295473454571204e-02 -9.992492098863210437e-01 0.000000000000000000e+00 -1.350309799999999960e+01 0.000000000000000000e+00 0.000000000000000000e+00 1.000000000000000000e+00 0.000000000000000000e+00
-9.992492098863210437e-01 -3.874295473454571204e-02 0.000000000000000000e+00 5.622298999999999936e+00 3.874295473454571204e-02 -9.992492098863210437e-01 0.000000000000000000e+00 -1.347609800000000035e+01 0.000000000000000000e+00 0.000000000000000000e+00 1.000000000000000000e+00 0.000000000000000000e+00
-9.993073170129285199e-01 -3.721405869321857407e-02 0.000000000000000000e+00 5.622298999999999936e+00 3.721405869321857407e-02 -9.993073170129285199e-01 0.000000000000000000e+00 -1.345009800000000055e+01 0.000000000000000000e+00 0.000000000000000000e+00 1.000000000000000000e+00 0.000000000000000000e+00
-9.992492098863210437e-01 -3.874295473454571204e-02 0.000000000000000000e+00 5.623299000000000269e+00 3.874295473454571204e-02 -9.992492098863210437e-01 0.000000000000000000e+00 -1.342309799999999953e+01 0.000000000000000000e+00 0.000000000000000000e+00 1.000000000000000000e+00 0.000000000000000000e+00
-9.992492098863210437e-01 -3.874295473454571204e-02 0.000000000000000000e+00 5.624298999999999715e+00 3.874295473454571204e-02 -9.992492098863210437e-01 0.000000000000000000e+00 -1.339709799999999973e+01 0.000000000000000000e+00 0.000000000000000000e+00 1.000000000000000000e+00 0.000000000000000000e+00
-9.992492098863210437e-01 -3.874295473454571204e-02 0.000000000000000000e+00 5.625299000000000049e+00 3.874295473454571204e-02 -9.992492098863210437e-01 0.000000000000000000e+00 -1.337009800000000048e+01 0.000000000000000000e+00 0.000000000000000000e+00 1.000000000000000000e+00 0.000000000000000000e+00
-9.992492098863210437e-01 -3.874295473454571204e-02 0.000000000000000000e+00 5.625299000000000049e+00 3.874295473454571204e-02 -9.992492098863210437e-01 0.000000000000000000e+00 -1.334509800000000013e+01 0.000000000000000000e+00 0.000000000000000000e+00 1.000000000000000000e+00 0.000000000000000000e+00
-9.993073170129285199e-01 -3.721405869321857407e-02 0.000000000000000000e+00 5.626299000000000383e+00 3.721405869321857407e-02 -9.993073170129285199e-01 0.000000000000000000e+00 -1.331909800000000033e+01 0.000000000000000000e+00 0.000000000000000000e+00 1.000000000000000000e+00 0.000000000000000000e+00
-9.992492098863210437e-01 -3.874295473454571204e-02 0.000000000000000000e+00 5.627298999999999829e+00 3.874295473454571204e-02 -9.992492098863210437e-01 0.000000000000000000e+00 -1.329309800000000052e+01 0.000000000000000000e+00 0.000000000000000000e+00 1.000000000000000000e+00 0.000000000000000000e+00
-9.992492098863210437e-01 -3.874295473454571204e-02 0.000000000000000000e+00 5.628299000000000163e+00 3.874295473454571204e-02 -9.992492098863210437e-01 0.000000000000000000e+00 -1.326709800000000072e+01 0.000000000000000000e+00 0.000000000000000000e+00 1.000000000000000000e+00 0.000000000000000000e+00
-9.992492098863210437e-01 -3.874295473454571204e-02 0.000000000000000000e+00 5.628299000000000163e+00 3.874295473454571204e-02 -9.992492098863210437e-01 0.000000000000000000e+00 -1.324109799999999915e+01 0.000000000000000000e+00 0.000000000000000000e+00 1.000000000000000000e+00 0.000000000000000000e+00
-9.992492098863210437e-01 -3.874295473454571204e-02 0.000000000000000000e+00 5.629298999999999609e+00 3.874295473454571204e-02 -9.992492098863210437e-01 0.000000000000000000e+00 -1.321609800000000057e+01 0.000000000000000000e+00 0.000000000000000000e+00 1.000000000000000000e+00 0.000000000000000000e+00
-9.992492098863210437e-01 -3.874295473454571204e-02 0.000000000000000000e+00 5.630298999999999943e+00 3.874295473454571204e-02 -9.992492098863210437e-01 0.000000000000000000e+00 -1.319009800000000077e+01 0.000000000000000000e+00 0.000000000000000000e+00 1.000000000000000000e+00 0.000000000000000000e+00
-9.992492098863210437e-01 -3.874295473454571204e-02 0.000000000000000000e+00 5.631299000000000277e+00 3.874295473454571204e-02 -9.992492098863210437e-01 0.000000000000000000e+00 -1.316409799999999919e+01 0.000000000000000000e+00 0.000000000000000000e+00 1.000000000000000000e+00 0.000000000000000000e+00
-9.992492098863210437e-01 -3.874295473454571204e-02 0.000000000000000000e+00 5.631299000000000277e+00 3.874295473454571204e-02 -9.992492098863210437e-01 0.000000000000000000e+00 -1.313809799999999939e+01 0.000000000000000000e+00 0.000000000000000000e+00 1.000000000000000000e+00 0.000000000000000000e+00
-9.992492098863210437e-01 -3.874295473454571204e-02 0.000000000000000000e+00 5.632298999999999722e+00 3.874295473454571204e-02 -9.992492098863210437e-01 0.000000000000000000e+00 -1.311209799999999959e+01 0.000000000000000000e+00 0.000000000000000000e+00 1.000000000000000000e+00 0.000000000000000000e+00
-9.992492098863210437e-01 -3.874295473454571204e-02 0.000000000000000000e+00 5.633299000000000056e+00 3.874295473454571204e-02 -9.992492098863210437e-01 0.000000000000000000e+00 -1.308609799999999979e+01 0.000000000000000000e+00 0.000000000000000000e+00 1.000000000000000000e+00 0.000000000000000000e+00
-9.992492098863210437e-01 -3.874295473454571204e-02 0.000000000000000000e+00 5.633299000000000056e+00 3.874295473454571204e-02 -9.992492098863210437e-01 0.000000000000000000e+00 -1.306109799999999943e+01 0.000000000000000000e+00 0.000000000000000000e+00 1.000000000000000000e+00 0.000000000000000000e+00
-9.992492098863210437e-01 -3.874295473454571204e-02 0.000000000000000000e+00 5.634298999999999502e+00 3.874295473454571204e-02 -9.992492098863210437e-01 0.000000000000000000e+00 -1.303509799999999963e+01 0.000000000000000000e+00 0.000000000000000000e+00 1.000000000000000000e+00 0.000000000000000000e+00
-9.992492098863210437e-01 -3.874295473454571204e-02 0.000000000000000000e+00 5.635298999999999836e+00 3.874295473454571204e-02 -9.992492098863210437e-01 0.000000000000000000e+00 -1.300909799999999983e+01 0.000000000000000000e+00 0.000000000000000000e+00 1.000000000000000000e+00 0.000000000000000000e+00
-9.992492098863210437e-01 -3.874295473454571204e-02 0.000000000000000000e+00 5.636299000000000170e+00 3.874295473454571204e-02 -9.992492098863210437e-01 0.000000000000000000e+00 -1.298309800000000003e+01 0.000000000000000000e+00 0.000000000000000000e+00 1.000000000000000000e+00 0.000000000000000000e+00
-9.992492098863210437e-01 -3.874295473454571204e-02 0.000000000000000000e+00 5.636299000000000170e+00 3.874295473454571204e-02 -9.992492098863210437e-01 0.000000000000000000e+00 -1.295709800000000023e+01 0.000000000000000000e+00 0.000000000000000000e+00 1.000000000000000000e+00 0.000000000000000000e+00
-9.992492098863210437e-01 -3.874295473454571204e-02 0.000000000000000000e+00 5.637298999999999616e+00 3.874295473454571204e-02 -9.992492098863210437e-01 0.000000000000000000e+00 -1.293109800000000043e+01 0.000000000000000000e+00 0.000000000000000000e+00 1.000000000000000000e+00 0.000000000000000000e+00
-9.992492098863210437e-01 -3.874295473454571204e-02 0.000000000000000000e+00 5.638298999999999950e+00 3.874295473454571204e-02 -9.992492098863210437e-01 0.000000000000000000e+00 -1.290609800000000007e+01 0.000000000000000000e+00 0.000000000000000000e+00 1.000000000000000000e+00 0.000000000000000000e+00
-9.992492098863210437e-01 -3.874295473454571204e-02 0.000000000000000000e+00 5.639299000000000284e+00 3.874295473454571204e-02 -9.992492098863210437e-01 0.000000000000000000e+00 -1.288009800000000027e+01 0.000000000000000000e+00 0.000000000000000000e+00 1.000000000000000000e+00 0.000000000000000000e+00
-9.992492098863210437e-01 -3.874295473454571204e-02 0.000000000000000000e+00 5.639299000000000284e+00 3.874295473454571204e-02 -9.992492098863210437e-01 0.000000000000000000e+00 -1.285409800000000047e+01 0.000000000000000000e+00 0.000000000000000000e+00 1.000000000000000000e+00 0.000000000000000000e+00
-9.992492098863210437e-01 -3.874295473454571204e-02 0.000000000000000000e+00 5.640298999999999729e+00 3.874295473454571204e-02 -9.992492098863210437e-01 0.000000000000000000e+00 -1.282809800000000067e+01 0.000000000000000000e+00 0.000000000000000000e+00 1.000000000000000000e+00 0.000000000000000000e+00
-9.992492098863210437e-01 -3.874295473454571204e-02 0.000000000000000000e+00 5.641299000000000063e+00 3.874295473454571204e-02 -9.992492098863210437e-01 0.000000000000000000e+00 -1.280209799999999909e+01 0.000000000000000000e+00 0.000000000000000000e+00 1.000000000000000000e+00 0.000000000000000000e+00
-9.992492098863210437e-01 -3.874295473454571204e-02 0.000000000000000000e+00 5.642298999999999509e+00 3.874295473454571204e-02 -9.992492098863210437e-01 0.000000000000000000e+00 -1.277609799999999929e+01 0.000000000000000000e+00 0.000000000000000000e+00 1.000000000000000000e+00 0.000000000000000000e+00
-9.992492098863210437e-01 -3.874295473454571204e-02 0.000000000000000000e+00 5.642298999999999509e+00 3.874295473454571204e-02 -9.992492098863210437e-01 0.000000000000000000e+00 -1.275109800000000071e+01 0.000000000000000000e+00 0.000000000000000000e+00 1.000000000000000000e+00 0.000000000000000000e+00
-9.993073170129285199e-01 -3.721405869321857407e-02 0.000000000000000000e+00 5.643298999999999843e+00 3.721405869321857407e-02 -9.993073170129285199e-01 0.000000000000000000e+00 -1.272509799999999913e+01 0.000000000000000000e+00 0.000000000000000000e+00 1.000000000000000000e+00 0.000000000000000000e+00
-9.992492098863210437e-01 -3.874295473454571204e-02 0.000000000000000000e+00 5.644299000000000177e+00 3.874295473454571204e-02 -9.992492098863210437e-01 0.000000000000000000e+00 -1.269909799999999933e+01 0.000000000000000000e+00 0.000000000000000000e+00 1.000000000000000000e+00 0.000000000000000000e+00
-9.992492098863210437e-01 -3.874295473454571204e-02 0.000000000000000000e+00 5.644299000000000177e+00 3.874295473454571204e-02 -9.992492098863210437e-01 0.000000000000000000e+00 -1.267309799999999953e+01 0.000000000000000000e+00 0.000000000000000000e+00 1.000000000000000000e+00 0.000000000000000000e+00
-9.992492098863210437e-01 -3.874295473454571204e-02 0.000000000000000000e+00 5.645298999999999623e+00 3.874295473454571204e-02 -9.992492098863210437e-01 0.000000000000000000e+00 -1.264709799999999973e+01 0.000000000000000000e+00 0.000000000000000000e+00 1.000000000000000000e+00 0.000000000000000000e+00
-9.992492098863210437e-01 -3.874295473454571204e-02 0.000000000000000000e+00 5.646298999999999957e+00 3.874295473454571204e-02 -9.992492098863210437e-01 0.000000000000000000e+00 -1.262109799999999993e+01 0.000000000000000000e+00 0.000000000000000000e+00 1.000000000000000000e+00 0.000000000000000000e+00
-9.992492098863210437e-01 -3.874295473454571204e-02 0.000000000000000000e+00 5.647299000000000291e+00 3.874295473454571204e-02 -9.992492098863210437e-01 0.000000000000000000e+00 -1.259509800000000013e+01 0.000000000000000000e+00 0.000000000000000000e+00 1.000000000000000000e+00 0.000000000000000000e+00
-9.992492098863210437e-01 -3.874295473454571204e-02 0.000000000000000000e+00 5.647299000000000291e+00 3.874295473454571204e-02 -9.992492098863210437e-01 0.000000000000000000e+00 -1.256809799999999910e+01 0.000000000000000000e+00 0.000000000000000000e+00 1.000000000000000000e+00 0.000000000000000000e+00
-9.992492098863210437e-01 -3.874295473454571204e-02 0.000000000000000000e+00 5.648298999999999737e+00 3.874295473454571204e-02 -9.992492098863210437e-01 0.000000000000000000e+00 -1.254209799999999930e+01 0.000000000000000000e+00 0.000000000000000000e+00 1.000000000000000000e+00 0.000000000000000000e+00
-9.992492098863210437e-01 -3.874295473454571204e-02 0.000000000000000000e+00 5.649299000000000071e+00 3.874295473454571204e-02 -9.992492098863210437e-01 0.000000000000000000e+00 -1.251609799999999950e+01 0.000000000000000000e+00 0.000000000000000000e+00 1.000000000000000000e+00 0.000000000000000000e+00
-9.992492098863210437e-01 -3.874295473454571204e-02 0.000000000000000000e+00 5.650298999999999516e+00 3.874295473454571204e-02 -9.992492098863210437e-01 0.000000000000000000e+00 -1.249009799999999970e+01 0.000000000000000000e+00 0.000000000000000000e+00 1.000000000000000000e+00 0.000000000000000000e+00
-9.992492098863210437e-01 -3.874295473454571204e-02 0.000000000000000000e+00 5.650298999999999516e+00 3.874295473454571204e-02 -9.992492098863210437e-01 0.000000000000000000e+00 -1.246409799999999990e+01 0.000000000000000000e+00 0.000000000000000000e+00 1.000000000000000000e+00 0.000000000000000000e+00
-9.992492098863210437e-01 -3.874295473454571204e-02 0.000000000000000000e+00 5.651298999999999850e+00 3.874295473454571204e-02 -9.992492098863210437e-01 0.000000000000000000e+00 -1.243809800000000010e+01 0.000000000000000000e+00 0.000000000000000000e+00 1.000000000000000000e+00 0.000000000000000000e+00
-9.992492098863210437e-01 -3.874295473454571204e-02 0.000000000000000000e+00 5.652299000000000184e+00 3.874295473454571204e-02 -9.992492098863210437e-01 0.000000000000000000e+00 -1.241209800000000030e+01 0.000000000000000000e+00 0.000000000000000000e+00 1.000000000000000000e+00 0.000000000000000000e+00
-9.992492098863210437e-01 -3.874295473454571204e-02 0.000000000000000000e+00 5.653298999999999630e+00 3.874295473454571204e-02 -9.992492098863210437e-01 0.000000000000000000e+00 -1.238709799999999994e+01 0.000000000000000000e+00 0.000000000000000000e+00 1.000000000000000000e+00 0.000000000000000000e+00
-9.992492098863210437e-01 -3.874295473454571204e-02 0.000000000000000000e+00 5.653298999999999630e+00 3.874295473454571204e-02 -9.992492098863210437e-01 0.000000000000000000e+00 -1.236109800000000014e+01 0.000000000000000000e+00 0.000000000000000000e+00 1.000000000000000000e+00 0.000000000000000000e+00
-9.992492098863210437e-01 -3.874295473454571204e-02 0.000000000000000000e+00 5.654298999999999964e+00 3.874295473454571204e-02 -9.992492098863210437e-01 0.000000000000000000e+00 -1.233509800000000034e+01 0.000000000000000000e+00 0.000000000000000000e+00 1.000000000000000000e+00 0.000000000000000000e+00
-9.992492098863210437e-01 -3.874295473454571204e-02 0.000000000000000000e+00 5.655299000000000298e+00 3.874295473454571204e-02 -9.992492098863210437e-01 0.000000000000000000e+00 -1.230909800000000054e+01 0.000000000000000000e+00 0.000000000000000000e+00 1.000000000000000000e+00 0.000000000000000000e+00
-9.992492098863210437e-01 -3.874295473454571204e-02 0.000000000000000000e+00 5.656298999999999744e+00 3.874295473454571204e-02 -9.992492098863210437e-01 0.000000000000000000e+00 -1.228309800000000074e+01 0.000000000000000000e+00 0.000000000000000000e+00 1.000000000000000000e+00 0.000000000000000000e+00
-9.992492098863210437e-01 -3.874295473454571204e-02 0.000000000000000000e+00 5.656298999999999744e+00 3.874295473454571204e-02 -9.992492098863210437e-01 0.000000000000000000e+00 -1.225709799999999916e+01 0.000000000000000000e+00 0.000000000000000000e+00 1.000000000000000000e+00 0.000000000000000000e+00
-9.992492098863210437e-01 -3.874295473454571204e-02 0.000000000000000000e+00 5.657299000000000078e+00 3.874295473454571204e-02 -9.992492098863210437e-01 0.000000000000000000e+00 -1.223209800000000058e+01 0.000000000000000000e+00 0.000000000000000000e+00 1.000000000000000000e+00 0.000000000000000000e+00
-9.992492098863210437e-01 -3.874295473454571204e-02 0.000000000000000000e+00 5.658298999999999523e+00 3.874295473454571204e-02 -9.992492098863210437e-01 0.000000000000000000e+00 -1.220609800000000078e+01 0.000000000000000000e+00 0.000000000000000000e+00 1.000000000000000000e+00 0.000000000000000000e+00
-9.992492098863210437e-01 -3.874295473454571204e-02 0.000000000000000000e+00 5.659298999999999857e+00 3.874295473454571204e-02 -9.992492098863210437e-01 0.000000000000000000e+00 -1.218009799999999920e+01 0.000000000000000000e+00 0.000000000000000000e+00 1.000000000000000000e+00 0.000000000000000000e+00
-9.992492098863210437e-01 -3.874295473454571204e-02 0.000000000000000000e+00 5.659298999999999857e+00 3.874295473454571204e-02 -9.992492098863210437e-01 0.000000000000000000e+00 -1.215409799999999940e+01 0.000000000000000000e+00 0.000000000000000000e+00 1.000000000000000000e+00 0.000000000000000000e+00
-9.993073170129285199e-01 -3.721405869321857407e-02 0.000000000000000000e+00 5.660299000000000191e+00 3.721405869321857407e-02 -9.993073170129285199e-01 0.000000000000000000e+00 -1.212809799999999960e+01 0.000000000000000000e+00 0.000000000000000000e+00 1.000000000000000000e+00 0.000000000000000000e+00
-9.992492098863210437e-01 -3.874295473454571204e-02 0.000000000000000000e+00 5.661298999999999637e+00 3.874295473454571204e-02 -9.992492098863210437e-01 0.000000000000000000e+00 -1.210209799999999980e+01 0.000000000000000000e+00 0.000000000000000000e+00 1.000000000000000000e+00 0.000000000000000000e+00
-9.992492098863210437e-01 -3.874295473454571204e-02 0.000000000000000000e+00 5.661298999999999637e+00 3.874295473454571204e-02 -9.992492098863210437e-01 0.000000000000000000e+00 -1.207709799999999944e+01 0.000000000000000000e+00 0.000000000000000000e+00 1.000000000000000000e+00 0.000000000000000000e+00
-9.992492098863210437e-01 -3.874295473454571204e-02 0.000000000000000000e+00 5.662298999999999971e+00 3.874295473454571204e-02 -9.992492098863210437e-01 0.000000000000000000e+00 -1.205109799999999964e+01 0.000000000000000000e+00 0.000000000000000000e+00 1.000000000000000000e+00 0.000000000000000000e+00
-9.992492098863210437e-01 -3.874295473454571204e-02 0.000000000000000000e+00 5.663299000000000305e+00 3.874295473454571204e-02 -9.992492098863210437e-01 0.000000000000000000e+00 -1.202509799999999984e+01 0.000000000000000000e+00 0.000000000000000000e+00 1.000000000000000000e+00 0.000000000000000000e+00
-9.993073170129285199e-01 -3.721405869321857407e-02 0.000000000000000000e+00 5.664298999999999751e+00 3.721405869321857407e-02 -9.993073170129285199e-01 0.000000000000000000e+00 -1.199909800000000004e+01 0.000000000000000000e+00 0.000000000000000000e+00 1.000000000000000000e+00 0.000000000000000000e+00
-9.992492098863210437e-01 -3.874295473454571204e-02 0.000000000000000000e+00 5.664298999999999751e+00 3.874295473454571204e-02 -9.992492098863210437e-01 0.000000000000000000e+00 -1.197309800000000024e+01 0.000000000000000000e+00 0.000000000000000000e+00 1.000000000000000000e+00 0.000000000000000000e+00
-9.992492098863210437e-01 -3.874295473454571204e-02 0.000000000000000000e+00 5.665299000000000085e+00 3.874295473454571204e-02 -9.992492098863210437e-01 0.000000000000000000e+00 -1.194709800000000044e+01 0.000000000000000000e+00 0.000000000000000000e+00 1.000000000000000000e+00 0.000000000000000000e+00
