-9.885200765594590600e-01 -1.510895702518262884e-01 0.000000000000000000e+00 5.537376691874645651e+00 1.510895702518258721e-01 -9.885200765594590600e-01 0.000000000000000000e+00 -1.486358439560472355e+01 0.000000000000000000e+00 0.000000000000000000e+00 1.000000000000000000e+00 0.000000000000000000e+00
-9.885200765594590600e-01 -1.510895702518262884e-01 0.000000000000000000e+00 5.537376691874645651e+00 1.510895702518258721e-01 -9.885200765594590600e-01 0.000000000000000000e+00 -1.486358439560472355e+01 0.000000000000000000e+00 0.000000000000000000e+00 1.000000000000000000e+00 0.000000000000000000e+00
-9.885200765594590600e-01 -1.510895702518262884e-01 0.000000000000000000e+00 5.537376691874645651e+00 1.510895702518258721e-01 -9.885200765594590600e-01 0.000000000000000000e+00 -1.486358439560472355e+01 0.000000000000000000e+00 0.000000000000000000e+00 1.000000000000000000e+00 0.000000000000000000e+00
-9.885200765594590600e-01 -1.510895702518262884e-01 0.000000000000000000e+00 5.537376691874645651e+00 1.510895702518258721e-01 -9.885200765594590600e-01 0.000000000000000000e+00 -1.486358439560472355e+01 0.000000000000000000e+00 0.000000000000000000e+00 1.000000000000000000e+00 0.000000000000000000e+00
-9.885200765594590600e-01 -1.510895702518262884e-01 0.000000000000000000e+00 5.537376691874645651e+00 1.510895702518258721e-01 -9.885200765594590600e-01 0.000000000000000000e+00 -1.486358439560472355e+01 0.000000000000000000e+00 0.000000000000000000e+00 1.000000000000000000e+00 0.000000000000000000e+00
-9.885200765594590600e-01 -1.510895702518262884e-01 0.000000000000000000e+00 5.537376691874645651e+00 1.510895702518258721e-01 -9.885200765594590600e-01 0.000000000000000000e+00 -1.486358439560472355e+01 0.000000000000000000e+00 0.000000000000000000e+00 1.000000000000000000e+00 0.000000000000000000e+00
-9.885200765594590600e-01 -1.510895702518262884e-01 0.000000000000000000e+00 5.537376691874645651e+00 1.510895702518258721e-01 -9.885200765594590600e-01 0.000000000000000000e+00 -1.486358439560472355e+01 0.000000000000000000e+00 0.000000000000000000e+00 1.000000000000000000e+00 0.000000000000000000e+00
-9.885200765594590600e-01 -1.510895702518262884e-01 0.000000000000000000e+00 5.537376691874645651e+00 1.510895702518258721e-01 -9.885200765594590600e-01 0.000000000000000000e+00 -1.486358439560472355e+01 0.000000000000000000e+00 0.000000000000000000e+00 1.000000000000000000e+00 0.000000000000000000e+00
-9.885200765594590600e-01 -1.510895702518262884e-01 0.000000000000000000e+00 5.537376691874645651e+00 1.510895702518258721e-01 -9.885200765594590600e-01 0.000000000000000000e+00 -1.486358439560472355e+01 0.000000000000000000e+00 0.000000000000000000e+00 1.000000000000000000e+00 0.000000000000000000e+00
-9.885200765594590600e-01 -1.510895702518262884e-01 0.000000000000000000e+00 5.537376691874645651e+00 1.510895702518258721e-01 -9.885200765594590600e-01 0.000000000000000000e+00 -1.486358439560472355e+01 0.000000000000000000e+00 0.000000000000000000e+00 1.000000000000000000e+00 0.000000000000000000e+00
-9.885200765594590600e-01 -1.510895702518262884e-01 0.000000000000000000e+00 5.537376691874645651e+00 1.510895702518258721e-01 -9.885200765594590600e-01 0.000000000000000000e+00 -1.486358439560472355e+01 0.000000000000000000e+00 0.000000000000000000e+00 1.000000000000000000e+00 0.000000000000000000e+00
-9.885200765594590600e-01 -1.510895702518262884e-01 0.000000000000000000e+00 5.537376691874645651e+00 1.510895702518258721e-01 -9.885200765594590600e-01 0.000000000000000000e+00 -1.486358439560472355e+01 0.000000000000000000e+00 0.000000000000000000e+00 1.000000000000000000e+00 0.000000000000000000e+00
-9.885200765594590600e-01 -1.510895702518262884e-01 0.000000000000000000e+00 5.537376691874645651e+00 1.510895702518258721e-01 -9.885200765594590600e-01 0.000000000000000000e+00 -1.486358439560472355e+01 0.000000000000000000e+00 0.000000000000000000e+00 1.000000000000000000e+00 0.000000000000000000e+00
-9.885200765594590600e-01 -1.510895702518262884e-01 0.000000000000000000e+00 5.537376691874645651e+00 1.510895702518258721e-01 -9.885200765594590600e-01 0.000000000000000000e+00 -1.486358439560472355e+01 0.000000000000000000e+00 0.000000000000000000e+00 1.000000000000000000e+00 0.000000000000000000e+00
-9.885200765594590600e-01 -1.510895702518262884e-01 0.000000000000000000e+00 5.537376691874645651e+00 1.510895702518258721e-01 -9.885200765594590600e-01 0.000000000000000000e+00 -1.486358439560472355e+01 0.000000000000000000e+00 0.000000000000000000e+00 1.000000000000000000e+00 0.000000000000000000e+00
-9.885200765594590600e-01 -1.510895702518262884e-01 0.000000000000000000e+00 5.537454341381858214e+00 1.510895702518258721e-01 -9.885200765594590600e-01 0.000000000000000000e+00 -1.486258741488573776e+01 0.000000000000000000e+00 0.000000000000000000e+00 1.000000000000000000e+00 0.000000000000000000e+00
-9.882877525940656493e-01 -1.526018285361323557e-01 0.000000000000000000e+00 5.538230836453976735e+00 1.526018285361319116e-01 -9.882877525940656493e-01 0.000000000000000000e+00 -1.485261760769587625e+01 0.000000000000000000e+00 0.000000000000000000e+00 1.000000000000000000e+00 0.000000000000000000e+00
-9.885200765594590600e-01 -1.510895702518262884e-01 0.000000000000000000e+00 5.542010736557821282e+00 1.510895702518258721e-01 -9.885200765594590600e-01 0.000000000000000000e+00 -1.482984235017362273e+01 0.000000000000000000e+00 0.000000000000000000e+00 1.000000000000000000e+00 0.000000000000000000e+00
-9.885200765594590600e-01 -1.510895702518262884e-01 0.000000000000000000e+00 5.546178884197725978e+00 1.510895702518258721e-01 -9.885200765594590600e-01 0.000000000000000000e+00 -1.480208218905644202e+01 0.000000000000000000e+00 0.000000000000000000e+00 1.000000000000000000e+00 0.000000000000000000e+00
-9.885200765594590600e-01 -1.510895702518262884e-01 0.000000000000000000e+00 5.549350051118643989e+00 1.510895702518258721e-01 -9.885200765594590600e-01 0.000000000000000000e+00 -1.477424437843204608e+01 0.000000000000000000e+00 0.000000000000000000e+00 1.000000000000000000e+00 0.000000000000000000e+00
-9.885200765594590600e-01 -1.510895702518262884e-01 0.000000000000000000e+00 5.553518198758548685e+00 1.510895702518258721e-01 -9.885200765594590600e-01 0.000000000000000000e+00 -1.474648421731486359e+01 0.000000000000000000e+00 0.000000000000000000e+00 1.000000000000000000e+00 0.000000000000000000e+00
-9.885200765594590600e-01 -1.510895702518262884e-01 0.000000000000000000e+00 5.557531047384028255e+00 1.510895702518258721e-01 -9.885200765594590600e-01 0.000000000000000000e+00 -1.472071801763565269e+01 0.000000000000000000e+00 0.000000000000000000e+00 1.000000000000000000e+00 0.000000000000000000e+00
-9.885200765594590600e-01 -1.510895702518262884e-01 0.000000000000000000e+00 5.561466246502297039e+00 1.510895702518258721e-01 -9.885200765594590600e-01 0.000000000000000000e+00 -1.469594879867542581e+01 0.000000000000000000e+00 0.000000000000000000e+00 1.000000000000000000e+00 0.000000000000000000e+00
-9.882877525940656493e-01 -1.526018285361323557e-01 0.000000000000000000e+00 5.564482114408791702e+00 1.526018285361319116e-01 -9.882877525940656493e-01 0.000000000000000000e+00 -1.467010494948900323e+01 0.000000000000000000e+00 0.000000000000000000e+00 1.000000000000000000e+00 0.000000000000000000e+00
-9.882877525940656493e-01 -1.526018285361323557e-01 0.000000000000000000e+00 5.568572612541483835e+00 1.526018285361319116e-01 -9.882877525940656493e-01 0.000000000000000000e+00 -1.464334176909080654e+01 0.000000000000000000e+00 0.000000000000000000e+00 1.000000000000000000e+00 0.000000000000000000e+00
-9.882877525940656493e-01 -1.526018285361323557e-01 0.000000000000000000e+00 5.572740760181387643e+00 1.526018285361319116e-01 -9.882877525940656493e-01 0.000000000000000000e+00 -1.461558160797362405e+01 0.000000000000000000e+00 0.000000000000000000e+00 1.000000000000000000e+00 0.000000000000000000e+00
-9.885200765594590600e-01 -1.510895702518262884e-01 0.000000000000000000e+00 5.575911927102306542e+00 1.510895702518258721e-01 -9.885200765594590600e-01 0.000000000000000000e+00 -1.458774379734922810e+01 0.000000000000000000e+00 0.000000000000000000e+00 1.000000000000000000e+00 0.000000000000000000e+00
-9.882877525940656493e-01 -1.526018285361323557e-01 0.000000000000000000e+00 5.579924775727787001e+00 1.526018285361319116e-01 -9.882877525940656493e-01 0.000000000000000000e+00 -1.456197759767001720e+01 0.000000000000000000e+00 0.000000000000000000e+00 1.000000000000000000e+00 0.000000000000000000e+00
-9.882877525940656493e-01 -1.526018285361323557e-01 0.000000000000000000e+00 5.584015273860478246e+00 1.526018285361319116e-01 -9.882877525940656493e-01 0.000000000000000000e+00 -1.453521441727182051e+01 0.000000000000000000e+00 0.000000000000000000e+00 1.000000000000000000e+00 0.000000000000000000e+00
-9.885200765594590600e-01 -1.510895702518262884e-01 0.000000000000000000e+00 5.588028122485959592e+00 1.510895702518258721e-01 -9.885200765594590600e-01 0.000000000000000000e+00 -1.450944821759260961e+01 0.000000000000000000e+00 0.000000000000000000e+00 1.000000000000000000e+00 0.000000000000000000e+00
-9.885200765594590600e-01 -1.510895702518262884e-01 0.000000000000000000e+00 5.591121639899665041e+00 1.510895702518258721e-01 -9.885200765594590600e-01 0.000000000000000000e+00 -1.448260738768719946e+01 0.000000000000000000e+00 0.000000000000000000e+00 1.000000000000000000e+00 0.000000000000000000e+00
-9.882877525940656493e-01 -1.526018285361323557e-01 0.000000000000000000e+00 5.595212138032358062e+00 1.526018285361319116e-01 -9.882877525940656493e-01 0.000000000000000000e+00 -1.445584420728900454e+01 0.000000000000000000e+00 0.000000000000000000e+00 1.000000000000000000e+00 0.000000000000000000e+00
-9.882877525940656493e-01 -1.526018285361323557e-01 0.000000000000000000e+00 5.599147337150626846e+00 1.526018285361319116e-01 -9.882877525940656493e-01 0.000000000000000000e+00 -1.443107498832877766e+01 0.000000000000000000e+00 0.000000000000000000e+00 1.000000000000000000e+00 0.000000000000000000e+00
-9.885200765594590600e-01 -1.510895702518262884e-01 0.000000000000000000e+00 5.602085555549908058e+00 1.510895702518258721e-01 -9.885200765594590600e-01 0.000000000000000000e+00 -1.440622811986134089e+01 0.000000000000000000e+00 0.000000000000000000e+00 1.000000000000000000e+00 0.000000000000000000e+00
-9.885200765594590600e-01 -1.510895702518262884e-01 0.000000000000000000e+00 5.606098404175389405e+00 1.510895702518258721e-01 -9.885200765594590600e-01 0.000000000000000000e+00 -1.438046192018212999e+01 0.000000000000000000e+00 0.000000000000000000e+00 1.000000000000000000e+00 0.000000000000000000e+00
-9.885200765594590600e-01 -1.510895702518262884e-01 0.000000000000000000e+00 5.610033603293657301e+00 1.510895702518258721e-01 -9.885200765594590600e-01 0.000000000000000000e+00 -1.435569270122190488e+01 0.000000000000000000e+00 0.000000000000000000e+00 1.000000000000000000e+00 0.000000000000000000e+00
-9.885200765594590600e-01 -1.510895702518262884e-01 0.000000000000000000e+00 5.613049471200151963e+00 1.510895702518258721e-01 -9.885200765594590600e-01 0.000000000000000000e+00 -1.432984885203548231e+01 0.000000000000000000e+00 0.000000000000000000e+00 1.000000000000000000e+00 0.000000000000000000e+00
-9.885200765594590600e-01 -1.510895702518262884e-01 0.000000000000000000e+00 5.617062319825632422e+00 1.510895702518258721e-01 -9.885200765594590600e-01 0.000000000000000000e+00 -1.430408265235627141e+01 0.000000000000000000e+00 0.000000000000000000e+00 1.000000000000000000e+00 0.000000000000000000e+00
-9.882877525940656493e-01 -1.526018285361323557e-01 0.000000000000000000e+00 5.620078187732127084e+00 1.526018285361319116e-01 -9.882877525940656493e-01 0.000000000000000000e+00 -1.427823880316984706e+01 0.000000000000000000e+00 0.000000000000000000e+00 1.000000000000000000e+00 0.000000000000000000e+00
-9.885200765594590600e-01 -1.510895702518262884e-01 0.000000000000000000e+00 5.624091036357607543e+00 1.510895702518258721e-01 -9.885200765594590600e-01 0.000000000000000000e+00 -1.425247260349063616e+01 0.000000000000000000e+00 0.000000000000000000e+00 1.000000000000000000e+00 0.000000000000000000e+00
-9.885200765594590600e-01 -1.510895702518262884e-01 0.000000000000000000e+00 5.628181534490299676e+00 1.510895702518258721e-01 -9.885200765594590600e-01 0.000000000000000000e+00 -1.422570942309243947e+01 0.000000000000000000e+00 0.000000000000000000e+00 1.000000000000000000e+00 0.000000000000000000e+00
-9.882877525940656493e-01 -1.526018285361323557e-01 0.000000000000000000e+00 5.632194383115780134e+00 1.526018285361319116e-01 -9.882877525940656493e-01 0.000000000000000000e+00 -1.419994322341322857e+01 0.000000000000000000e+00 0.000000000000000000e+00 1.000000000000000000e+00 0.000000000000000000e+00
-9.885200765594590600e-01 -1.510895702518262884e-01 0.000000000000000000e+00 5.635210251022274797e+00 1.510895702518258721e-01 -9.885200765594590600e-01 0.000000000000000000e+00 -1.417409937422680422e+01 0.000000000000000000e+00 0.000000000000000000e+00 1.000000000000000000e+00 0.000000000000000000e+00
-9.885200765594590600e-01 -1.510895702518262884e-01 0.000000000000000000e+00 5.639300749154966930e+00 1.510895702518258721e-01 -9.885200765594590600e-01 0.000000000000000000e+00 -1.414733619382860930e+01 0.000000000000000000e+00 0.000000000000000000e+00 1.000000000000000000e+00 0.000000000000000000e+00
-9.882877525940656493e-01 -1.526018285361323557e-01 0.000000000000000000e+00 5.643313597780447388e+00 1.526018285361319116e-01 -9.882877525940656493e-01 0.000000000000000000e+00 -1.412156999414939840e+01 0.000000000000000000e+00 0.000000000000000000e+00 1.000000000000000000e+00 0.000000000000000000e+00
-9.885200765594590600e-01 -1.510895702518262884e-01 0.000000000000000000e+00 5.646407115194153725e+00 1.510895702518258721e-01 -9.885200765594590600e-01 0.000000000000000000e+00 -1.409472916424398825e+01 0.000000000000000000e+00 0.000000000000000000e+00 1.000000000000000000e+00 0.000000000000000000e+00
-9.882877525940656493e-01 -1.526018285361323557e-01 0.000000000000000000e+00 5.650419963819633296e+00 1.526018285361319116e-01 -9.882877525940656493e-01 0.000000000000000000e+00 -1.406896296456477735e+01 0.000000000000000000e+00 0.000000000000000000e+00 1.000000000000000000e+00 0.000000000000000000e+00
-9.882877525940656493e-01 -1.526018285361323557e-01 0.000000000000000000e+00 5.654510461952326317e+00 1.526018285361319116e-01 -9.882877525940656493e-01 0.000000000000000000e+00 -1.404219978416658066e+01 0.000000000000000000e+00 0.000000000000000000e+00 1.000000000000000000e+00 0.000000000000000000e+00
-9.882877525940656493e-01 -1.526018285361323557e-01 0.000000000000000000e+00 5.657603979366032654e+00 1.526018285361319116e-01 -9.882877525940656493e-01 0.000000000000000000e+00 -1.401535895426117051e+01 0.000000000000000000e+00 0.000000000000000000e+00 1.000000000000000000e+00 0.000000000000000000e+00
-9.885200765594590600e-01 -1.510895702518262884e-01 0.000000000000000000e+00 5.661539178484300550e+00 1.510895702518258721e-01 -9.885200765594590600e-01 0.000000000000000000e+00 -1.399058973530094541e+01 0.000000000000000000e+00 0.000000000000000000e+00 1.000000000000000000e+00 0.000000000000000000e+00
-9.882877525940656493e-01 -1.526018285361323557e-01 0.000000000000000000e+00 5.665474377602568445e+00 1.526018285361319116e-01 -9.882877525940656493e-01 0.000000000000000000e+00 -1.396582051634072030e+01 0.000000000000000000e+00 0.000000000000000000e+00 1.000000000000000000e+00 0.000000000000000000e+00
-9.882877525940656493e-01 -1.526018285361323557e-01 0.000000000000000000e+00 5.668412596001852322e+00 1.526018285361319116e-01 -9.882877525940656493e-01 0.000000000000000000e+00 -1.394097364787328353e+01 0.000000000000000000e+00 0.000000000000000000e+00 1.000000000000000000e+00 0.000000000000000000e+00
-9.885200765594590600e-01 -1.510895702518262884e-01 0.000000000000000000e+00 5.672347795120120217e+00 1.510895702518258721e-01 -9.885200765594590600e-01 0.000000000000000000e+00 -1.391620442891305842e+01 0.000000000000000000e+00 0.000000000000000000e+00 1.000000000000000000e+00 0.000000000000000000e+00
-9.885200765594590600e-01 -1.510895702518262884e-01 0.000000000000000000e+00 5.675286013519404094e+00 1.510895702518258721e-01 -9.885200765594590600e-01 0.000000000000000000e+00 -1.389135756044562164e+01 0.000000000000000000e+00 0.000000000000000000e+00 1.000000000000000000e+00 0.000000000000000000e+00
-9.885200765594590600e-01 -1.510895702518262884e-01 0.000000000000000000e+00 5.679221212637671989e+00 1.510895702518258721e-01 -9.885200765594590600e-01 0.000000000000000000e+00 -1.386658834148539476e+01 0.000000000000000000e+00 0.000000000000000000e+00 1.000000000000000000e+00 0.000000000000000000e+00
-9.885200765594590600e-01 -1.510895702518262884e-01 0.000000000000000000e+00 5.683078762248728211e+00 1.510895702518258721e-01 -9.885200765594590600e-01 0.000000000000000000e+00 -1.384281610324415723e+01 0.000000000000000000e+00 0.000000000000000000e+00 1.000000000000000000e+00 0.000000000000000000e+00
-9.885200765594590600e-01 -1.510895702518262884e-01 0.000000000000000000e+00 5.686016980648010311e+00 1.510895702518258721e-01 -9.885200765594590600e-01 0.000000000000000000e+00 -1.381796923477671868e+01 0.000000000000000000e+00 0.000000000000000000e+00 1.000000000000000000e+00 0.000000000000000000e+00
-9.882877525940656493e-01 -1.526018285361323557e-01 0.000000000000000000e+00 5.689952179766279095e+00 1.526018285361319116e-01 -9.882877525940656493e-01 0.000000000000000000e+00 -1.379320001581649358e+01 0.000000000000000000e+00 0.000000000000000000e+00 1.000000000000000000e+00 0.000000000000000000e+00
-9.885200765594590600e-01 -1.510895702518262884e-01 0.000000000000000000e+00 5.692890398165562083e+00 1.510895702518258721e-01 -9.885200765594590600e-01 0.000000000000000000e+00 -1.376835314734905680e+01 0.000000000000000000e+00 0.000000000000000000e+00 1.000000000000000000e+00 0.000000000000000000e+00
-9.885200765594590600e-01 -1.510895702518262884e-01 0.000000000000000000e+00 5.696825597283829978e+00 1.510895702518258721e-01 -9.885200765594590600e-01 0.000000000000000000e+00 -1.374358392838883347e+01 0.000000000000000000e+00 0.000000000000000000e+00 1.000000000000000000e+00 0.000000000000000000e+00
-9.892031621501617966e-01 -1.465506874501819878e-01 0.000000000000000000e+00 5.699608516668689617e+00 1.465506874501815437e-01 -9.892031621501619076e-01 0.000000000000000000e+00 -1.372073102135936651e+01 0.000000000000000000e+00 0.000000000000000000e+00 1.000000000000000000e+00 0.000000000000000000e+00
-9.896469753061655217e-01 -1.435230443774034859e-01 0.000000000000000000e+00 5.703310767265322490e+00 1.435230443774030418e-01 -9.896469753061655217e-01 0.000000000000000000e+00 -1.369895274455610057e+01 0.000000000000000000e+00 0.000000000000000000e+00 1.000000000000000000e+00 0.000000000000000000e+00
-9.905067975956948212e-01 -1.374637549200576070e-01 0.000000000000000000e+00 5.706016037142969566e+00 1.374637549200571629e-01 -9.905067975956948212e-01 0.000000000000000000e+00 -1.367709681824562118e+01 0.000000000000000000e+00 0.000000000000000000e+00 1.000000000000000000e+00 0.000000000000000000e+00
-9.915294017381591773e-01 -1.298824294843931304e-01 0.000000000000000000e+00 5.708643657513404079e+00 1.298824294843926863e-01 -9.915294017381592884e-01 0.000000000000000000e+00 -1.365623787265412759e+01 0.000000000000000000e+00 0.000000000000000000e+00 1.000000000000000000e+00 0.000000000000000000e+00
-9.923057087331950132e-01 -1.238118750989244815e-01 0.000000000000000000e+00 5.711348927391051156e+00 1.238118750989240374e-01 -9.923057087331950132e-01 0.000000000000000000e+00 -1.363438194634364820e+01 0.000000000000000000e+00 0.000000000000000000e+00 1.000000000000000000e+00 0.000000000000000000e+00
-9.928635502648142097e-01 -1.192559036507161996e-01 0.000000000000000000e+00 5.713057216549712436e+00 1.192559036507157694e-01 -9.928635502648143207e-01 0.000000000000000000e+00 -1.361244837052595713e+01 0.000000000000000000e+00 0.000000000000000000e+00 1.000000000000000000e+00 0.000000000000000000e+00
-9.932238243755442397e-01 -1.162171875964058826e-01 0.000000000000000000e+00 5.715840135934572075e+00 1.162171875964054246e-01 -9.932238243755442397e-01 0.000000000000000000e+00 -1.358959546349649194e+01 0.000000000000000000e+00 0.000000000000000000e+00 1.000000000000000000e+00 0.000000000000000000e+00
-9.932238243755442397e-01 -1.162171875964058826e-01 0.000000000000000000e+00 5.718778354333854175e+00 1.162171875964054246e-01 -9.932238243755442397e-01 0.000000000000000000e+00 -1.356474859502905517e+01 0.000000000000000000e+00 0.000000000000000000e+00 1.000000000000000000e+00 0.000000000000000000e+00
-9.932238243755442397e-01 -1.162171875964058826e-01 0.000000000000000000e+00 5.720797241521363041e+00 1.162171875964054246e-01 -9.932238243755442397e-01 0.000000000000000000e+00 -1.353882709633541914e+01 0.000000000000000000e+00 0.000000000000000000e+00 1.000000000000000000e+00 0.000000000000000000e+00
-9.934004740845948644e-01 -1.146974197116153310e-01 0.000000000000000000e+00 5.723813109427856816e+00 1.146974197116148869e-01 -9.934004740845948644e-01 0.000000000000000000e+00 -1.351298324714899657e+01 0.000000000000000000e+00 0.000000000000000000e+00 1.000000000000000000e+00 0.000000000000000000e+00
-9.932238243755442397e-01 -1.162171875964058826e-01 0.000000000000000000e+00 5.726828977334351478e+00 1.162171875964054246e-01 -9.932238243755442397e-01 0.000000000000000000e+00 -1.348713939796257399e+01 0.000000000000000000e+00 0.000000000000000000e+00 1.000000000000000000e+00 0.000000000000000000e+00
-9.932238243755442397e-01 -1.162171875964058826e-01 0.000000000000000000e+00 5.729922494748056927e+00 1.162171875964054246e-01 -9.932238243755442397e-01 0.000000000000000000e+00 -1.346029856805716562e+01 0.000000000000000000e+00 0.000000000000000000e+00 1.000000000000000000e+00 0.000000000000000000e+00
-9.934004740845948644e-01 -1.146974197116153310e-01 0.000000000000000000e+00 5.731941381935565794e+00 1.146974197116148869e-01 -9.934004740845948644e-01 0.000000000000000000e+00 -1.343437706936353138e+01 0.000000000000000000e+00 0.000000000000000000e+00 1.000000000000000000e+00 0.000000000000000000e+00
-9.932238243755442397e-01 -1.162171875964058826e-01 0.000000000000000000e+00 5.735034899349273019e+00 1.162171875964054246e-01 -9.932238243755442397e-01 0.000000000000000000e+00 -1.340753623945812123e+01 0.000000000000000000e+00 0.000000000000000000e+00 1.000000000000000000e+00 0.000000000000000000e+00
-9.932238243755442397e-01 -1.162171875964058826e-01 0.000000000000000000e+00 5.738050767255765905e+00 1.162171875964054246e-01 -9.932238243755442397e-01 0.000000000000000000e+00 -1.338169239027169866e+01 0.000000000000000000e+00 0.000000000000000000e+00 1.000000000000000000e+00 0.000000000000000000e+00
-9.932238243755442397e-01 -1.162171875964058826e-01 0.000000000000000000e+00 5.741144284669473130e+00 1.162171875964054246e-01 -9.932238243755442397e-01 0.000000000000000000e+00 -1.335485156036629029e+01 0.000000000000000000e+00 0.000000000000000000e+00 1.000000000000000000e+00 0.000000000000000000e+00
-9.932238243755442397e-01 -1.162171875964058826e-01 0.000000000000000000e+00 5.743085522349770322e+00 1.162171875964054246e-01 -9.932238243755442397e-01 0.000000000000000000e+00 -1.332992704239164006e+01 0.000000000000000000e+00 0.000000000000000000e+00 1.000000000000000000e+00 0.000000000000000000e+00
-9.934004740845948644e-01 -1.146974197116153310e-01 0.000000000000000000e+00 5.746101390256264096e+00 1.146974197116148869e-01 -9.934004740845948644e-01 0.000000000000000000e+00 -1.330408319320521748e+01 0.000000000000000000e+00 0.000000000000000000e+00 1.000000000000000000e+00 0.000000000000000000e+00
-9.932238243755442397e-01 -1.162171875964058826e-01 0.000000000000000000e+00 5.749117258162758759e+00 1.162171875964054246e-01 -9.932238243755442397e-01 0.000000000000000000e+00 -1.327823934401879491e+01 0.000000000000000000e+00 0.000000000000000000e+00 1.000000000000000000e+00 0.000000000000000000e+00
-9.932238243755442397e-01 -1.162171875964058826e-01 0.000000000000000000e+00 5.752133126069253422e+00 1.162171875964054246e-01 -9.932238243755442397e-01 0.000000000000000000e+00 -1.325239549483237234e+01 0.000000000000000000e+00 0.000000000000000000e+00 1.000000000000000000e+00 0.000000000000000000e+00
-9.932238243755442397e-01 -1.162171875964058826e-01 0.000000000000000000e+00 5.754152013256762288e+00 1.162171875964054246e-01 -9.932238243755442397e-01 0.000000000000000000e+00 -1.322647399613873631e+01 0.000000000000000000e+00 0.000000000000000000e+00 1.000000000000000000e+00 0.000000000000000000e+00
-9.932238243755442397e-01 -1.162171875964058826e-01 0.000000000000000000e+00 5.757090231656043500e+00 1.162171875964054246e-01 -9.932238243755442397e-01 0.000000000000000000e+00 -1.320162712767129953e+01 0.000000000000000000e+00 0.000000000000000000e+00 1.000000000000000000e+00 0.000000000000000000e+00
-9.932238243755442397e-01 -1.162171875964058826e-01 0.000000000000000000e+00 5.760106099562539050e+00 1.162171875964054246e-01 -9.932238243755442397e-01 0.000000000000000000e+00 -1.317578327848487696e+01 0.000000000000000000e+00 0.000000000000000000e+00 1.000000000000000000e+00 0.000000000000000000e+00
-9.932238243755442397e-01 -1.162171875964058826e-01 0.000000000000000000e+00 5.763121967469032825e+00 1.162171875964054246e-01 -9.932238243755442397e-01 0.000000000000000000e+00 -1.314993942929845261e+01 0.000000000000000000e+00 0.000000000000000000e+00 1.000000000000000000e+00 0.000000000000000000e+00
-9.932238243755442397e-01 -1.162171875964058826e-01 0.000000000000000000e+00 5.765140854656541691e+00 1.162171875964054246e-01 -9.932238243755442397e-01 0.000000000000000000e+00 -1.312401793060481836e+01 0.000000000000000000e+00 0.000000000000000000e+00 1.000000000000000000e+00 0.000000000000000000e+00
-9.932238243755442397e-01 -1.162171875964058826e-01 0.000000000000000000e+00 5.768156722563036354e+00 1.162171875964054246e-01 -9.932238243755442397e-01 0.000000000000000000e+00 -1.309817408141839579e+01 0.000000000000000000e+00 0.000000000000000000e+00 1.000000000000000000e+00 0.000000000000000000e+00
-9.932238243755442397e-01 -1.162171875964058826e-01 0.000000000000000000e+00 5.771172590469530128e+00 1.162171875964054246e-01 -9.932238243755442397e-01 0.000000000000000000e+00 -1.307233023223197321e+01 0.000000000000000000e+00 0.000000000000000000e+00 1.000000000000000000e+00 0.000000000000000000e+00
-9.932238243755442397e-01 -1.162171875964058826e-01 0.000000000000000000e+00 5.773113828149826432e+00 1.162171875964054246e-01 -9.932238243755442397e-01 0.000000000000000000e+00 -1.304740571425732298e+01 0.000000000000000000e+00 0.000000000000000000e+00 1.000000000000000000e+00 0.000000000000000000e+00
-9.932238243755442397e-01 -1.162171875964058826e-01 0.000000000000000000e+00 5.776129696056321094e+00 1.162171875964054246e-01 -9.932238243755442397e-01 0.000000000000000000e+00 -1.302156186507090041e+01 0.000000000000000000e+00 0.000000000000000000e+00 1.000000000000000000e+00 0.000000000000000000e+00
-9.932238243755442397e-01 -1.162171875964058826e-01 0.000000000000000000e+00 5.779145563962816645e+00 1.162171875964054246e-01 -9.932238243755442397e-01 0.000000000000000000e+00 -1.299571801588447784e+01 0.000000000000000000e+00 0.000000000000000000e+00 1.000000000000000000e+00 0.000000000000000000e+00
-9.932238243755442397e-01 -1.162171875964058826e-01 0.000000000000000000e+00 5.782161431869310420e+00 1.162171875964054246e-01 -9.932238243755442397e-01 0.000000000000000000e+00 -1.296987416669805526e+01 0.000000000000000000e+00 0.000000000000000000e+00 1.000000000000000000e+00 0.000000000000000000e+00
-9.932238243755442397e-01 -1.162171875964058826e-01 0.000000000000000000e+00 5.784180319056819286e+00 1.162171875964054246e-01 -9.932238243755442397e-01 0.000000000000000000e+00 -1.294395266800441924e+01 0.000000000000000000e+00 0.000000000000000000e+00 1.000000000000000000e+00 0.000000000000000000e+00
-9.932238243755442397e-01 -1.162171875964058826e-01 0.000000000000000000e+00 5.787196186963313060e+00 1.162171875964054246e-01 -9.932238243755442397e-01 0.000000000000000000e+00 -1.291810881881799666e+01 0.000000000000000000e+00 0.000000000000000000e+00 1.000000000000000000e+00 0.000000000000000000e+00
-9.932238243755442397e-01 -1.162171875964058826e-01 0.000000000000000000e+00 5.790134405362596048e+00 1.162171875964054246e-01 -9.932238243755442397e-01 0.000000000000000000e+00 -1.289326195035055989e+01 0.000000000000000000e+00 0.000000000000000000e+00 1.000000000000000000e+00 0.000000000000000000e+00
-9.932238243755442397e-01 -1.162171875964058826e-01 0.000000000000000000e+00 5.793150273269090711e+00 1.162171875964054246e-01 -9.932238243755442397e-01 0.000000000000000000e+00 -1.286741810116413731e+01 0.000000000000000000e+00 0.000000000000000000e+00 1.000000000000000000e+00 0.000000000000000000e+00
-9.932238243755442397e-01 -1.162171875964058826e-01 0.000000000000000000e+00 5.795169160456599577e+00 1.162171875964054246e-01 -9.932238243755442397e-01 0.000000000000000000e+00 -1.284149660247050306e+01 0.000000000000000000e+00 0.000000000000000000e+00 1.000000000000000000e+00 0.000000000000000000e+00
-9.932238243755442397e-01 -1.162171875964058826e-01 0.000000000000000000e+00 5.798185028363092464e+00 1.162171875964054246e-01 -9.932238243755442397e-01 0.000000000000000000e+00 -1.281565275328407871e+01 0.000000000000000000e+00 0.000000000000000000e+00 1.000000000000000000e+00 0.000000000000000000e+00
-9.932238243755442397e-01 -1.162171875964058826e-01 0.000000000000000000e+00 5.801200896269588014e+00 1.162171875964054246e-01 -9.932238243755442397e-01 0.000000000000000000e+00 -1.278980890409765436e+01 0.000000000000000000e+00 0.000000000000000000e+00 1.000000000000000000e+00 0.000000000000000000e+00
-9.932238243755442397e-01 -1.162171875964058826e-01 0.000000000000000000e+00 5.804216764176081789e+00 1.162171875964054246e-01 -9.932238243755442397e-01 0.000000000000000000e+00 -1.276396505491123179e+01 0.000000000000000000e+00 0.000000000000000000e+00 1.000000000000000000e+00 0.000000000000000000e+00
-9.932238243755442397e-01 -1.162171875964058826e-01 0.000000000000000000e+00 5.806158001856378092e+00 1.162171875964054246e-01 -9.932238243755442397e-01 0.000000000000000000e+00 -1.273904053693658511e+01 0.000000000000000000e+00 0.000000000000000000e+00 1.000000000000000000e+00 0.000000000000000000e+00
-9.934004740845948644e-01 -1.146974197116153310e-01 0.000000000000000000e+00 5.809173869762872755e+00 1.146974197116148869e-01 -9.934004740845948644e-01 0.000000000000000000e+00 -1.271319668775016076e+01 0.000000000000000000e+00 0.000000000000000000e+00 1.000000000000000000e+00 0.000000000000000000e+00
-9.932238243755442397e-01 -1.162171875964058826e-01 0.000000000000000000e+00 5.812189737669368306e+00 1.162171875964054246e-01 -9.932238243755442397e-01 0.000000000000000000e+00 -1.268735283856373819e+01 0.000000000000000000e+00 0.000000000000000000e+00 1.000000000000000000e+00 0.000000000000000000e+00
-9.932238243755442397e-01 -1.162171875964058826e-01 0.000000000000000000e+00 5.814208624856877172e+00 1.162171875964054246e-01 -9.932238243755442397e-01 0.000000000000000000e+00 -1.266143133987010216e+01 0.000000000000000000e+00 0.000000000000000000e+00 1.000000000000000000e+00 0.000000000000000000e+00
-9.932238243755442397e-01 -1.162171875964058826e-01 0.000000000000000000e+00 5.817224492763370058e+00 1.162171875964054246e-01 -9.932238243755442397e-01 0.000000000000000000e+00 -1.263558749068367959e+01 0.000000000000000000e+00 0.000000000000000000e+00 1.000000000000000000e+00 0.000000000000000000e+00
-9.932238243755442397e-01 -1.162171875964058826e-01 0.000000000000000000e+00 5.820240360669865609e+00 1.162171875964054246e-01 -9.932238243755442397e-01 0.000000000000000000e+00 -1.260974364149725702e+01 0.000000000000000000e+00 0.000000000000000000e+00 1.000000000000000000e+00 0.000000000000000000e+00
-9.932238243755442397e-01 -1.162171875964058826e-01 0.000000000000000000e+00 5.823256228576359383e+00 1.162171875964054246e-01 -9.932238243755442397e-01 0.000000000000000000e+00 -1.258389979231083444e+01 0.000000000000000000e+00 0.000000000000000000e+00 1.000000000000000000e+00 0.000000000000000000e+00
-9.932238243755442397e-01 -1.162171875964058826e-01 0.000000000000000000e+00 5.825352765271079925e+00 1.162171875964054246e-01 -9.932238243755442397e-01 0.000000000000000000e+00 -1.255698131289821262e+01 0.000000000000000000e+00 0.000000000000000000e+00 1.000000000000000000e+00 0.000000000000000000e+00
-9.932238243755442397e-01 -1.162171875964058826e-01 0.000000000000000000e+00 5.828368633177574587e+00 1.162171875964054246e-01 -9.932238243755442397e-01 0.000000000000000000e+00 -1.253113746371179005e+01 0.000000000000000000e+00 0.000000000000000000e+00 1.000000000000000000e+00 0.000000000000000000e+00
-9.932238243755442397e-01 -1.162171875964058826e-01 0.000000000000000000e+00 5.831384501084068361e+00 1.162171875964054246e-01 -9.932238243755442397e-01 0.000000000000000000e+00 -1.250529361452536747e+01 0.000000000000000000e+00 0.000000000000000000e+00 1.000000000000000000e+00 0.000000000000000000e+00
-9.932238243755442397e-01 -1.162171875964058826e-01 0.000000000000000000e+00 5.834400368990563024e+00 1.162171875964054246e-01 -9.932238243755442397e-01 0.000000000000000000e+00 -1.247944976533894312e+01 0.000000000000000000e+00 0.000000000000000000e+00 1.000000000000000000e+00 0.000000000000000000e+00
-9.932238243755442397e-01 -1.162171875964058826e-01 0.000000000000000000e+00 5.836419256178071002e+00 1.162171875964054246e-01 -9.932238243755442397e-01 0.000000000000000000e+00 -1.245352826664530888e+01 0.000000000000000000e+00 0.000000000000000000e+00 1.000000000000000000e+00 0.000000000000000000e+00
-9.932238243755442397e-01 -1.162171875964058826e-01 0.000000000000000000e+00 5.839435124084565665e+00 1.162171875964054246e-01 -9.932238243755442397e-01 0.000000000000000000e+00 -1.242768441745888630e+01 0.000000000000000000e+00 0.000000000000000000e+00 1.000000000000000000e+00 0.000000000000000000e+00
-9.932238243755442397e-01 -1.162171875964058826e-01 0.000000000000000000e+00 5.842450991991060327e+00 1.162171875964054246e-01 -9.932238243755442397e-01 0.000000000000000000e+00 -1.240184056827246373e+01 0.000000000000000000e+00 0.000000000000000000e+00 1.000000000000000000e+00 0.000000000000000000e+00
-9.932238243755442397e-01 -1.162171875964058826e-01 0.000000000000000000e+00 5.845389210390343315e+00 1.162171875964054246e-01 -9.932238243755442397e-01 0.000000000000000000e+00 -1.237699369980502695e+01 0.000000000000000000e+00 0.000000000000000000e+00 1.000000000000000000e+00 0.000000000000000000e+00
-9.932238243755442397e-01 -1.162171875964058826e-01 0.000000000000000000e+00 5.847408097577851294e+00 1.162171875964054246e-01 -9.932238243755442397e-01 0.000000000000000000e+00 -1.235107220111139092e+01 0.000000000000000000e+00 0.000000000000000000e+00 1.000000000000000000e+00 0.000000000000000000e+00
-9.932238243755442397e-01 -1.162171875964058826e-01 0.000000000000000000e+00 5.850423965484345956e+00 1.162171875964054246e-01 -9.932238243755442397e-01 0.000000000000000000e+00 -1.232522835192496835e+01 0.000000000000000000e+00 0.000000000000000000e+00 1.000000000000000000e+00 0.000000000000000000e+00
-9.932238243755442397e-01 -1.162171875964058826e-01 0.000000000000000000e+00 5.853439833390841507e+00 1.162171875964054246e-01 -9.932238243755442397e-01 0.000000000000000000e+00 -1.229938450273854578e+01 0.000000000000000000e+00 0.000000000000000000e+00 1.000000000000000000e+00 0.000000000000000000e+00
-9.932238243755442397e-01 -1.162171875964058826e-01 0.000000000000000000e+00 5.856455701297334393e+00 1.162171875964054246e-01 -9.932238243755442397e-01 0.000000000000000000e+00 -1.227354065355212320e+01 0.000000000000000000e+00 0.000000000000000000e+00 1.000000000000000000e+00 0.000000000000000000e+00
-9.932238243755442397e-01 -1.162171875964058826e-01 0.000000000000000000e+00 5.858474588484843260e+00 1.162171875964054246e-01 -9.932238243755442397e-01 0.000000000000000000e+00 -1.224761915485848718e+01 0.000000000000000000e+00 0.000000000000000000e+00 1.000000000000000000e+00 0.000000000000000000e+00
-9.932238243755442397e-01 -1.162171875964058826e-01 0.000000000000000000e+00 5.861412806884126248e+00 1.162171875964054246e-01 -9.932238243755442397e-01 0.000000000000000000e+00 -1.222277228639105040e+01 0.000000000000000000e+00 0.000000000000000000e+00 1.000000000000000000e+00 0.000000000000000000e+00
-9.932238243755442397e-01 -1.162171875964058826e-01 0.000000000000000000e+00 5.864428674790620022e+00 1.162171875964054246e-01 -9.932238243755442397e-01 0.000000000000000000e+00 -1.219692843720462783e+01 0.000000000000000000e+00 0.000000000000000000e+00 1.000000000000000000e+00 0.000000000000000000e+00
-9.932238243755442397e-01 -1.162171875964058826e-01 0.000000000000000000e+00 5.867444542697114684e+00 1.162171875964054246e-01 -9.932238243755442397e-01 0.000000000000000000e+00 -1.217108458801820348e+01 0.000000000000000000e+00 0.000000000000000000e+00 1.000000000000000000e+00 0.000000000000000000e+00
-9.932238243755442397e-01 -1.162171875964058826e-01 0.000000000000000000e+00 5.869463429884623551e+00 1.162171875964054246e-01 -9.932238243755442397e-01 0.000000000000000000e+00 -1.214516308932456923e+01 0.000000000000000000e+00 0.000000000000000000e+00 1.000000000000000000e+00 0.000000000000000000e+00
-9.934004740845948644e-01 -1.146974197116153310e-01 0.000000000000000000e+00 5.872479297791117325e+00 1.146974197116148869e-01 -9.934004740845948644e-01 0.000000000000000000e+00 -1.211931924013814665e+01 0.000000000000000000e+00 0.000000000000000000e+00 1.000000000000000000e+00 0.000000000000000000e+00
-9.932238243755442397e-01 -1.162171875964058826e-01 0.000000000000000000e+00 5.875495165697611988e+00 1.162171875964054246e-01 -9.932238243755442397e-01 0.000000000000000000e+00 -1.209347539095172408e+01 0.000000000000000000e+00 0.000000000000000000e+00 1.000000000000000000e+00 0.000000000000000000e+00
-9.932238243755442397e-01 -1.162171875964058826e-01 0.000000000000000000e+00 5.877436403377908292e+00 1.162171875964054246e-01 -9.932238243755442397e-01 0.000000000000000000e+00 -1.206855087297707385e+01 0.000000000000000000e+00 0.000000000000000000e+00 1.000000000000000000e+00 0.000000000000000000e+00
-9.932238243755442397e-01 -1.162171875964058826e-01 0.000000000000000000e+00 5.880452271284403842e+00 1.162171875964054246e-01 -9.932238243755442397e-01 0.000000000000000000e+00 -1.204270702379065128e+01 0.000000000000000000e+00 0.000000000000000000e+00 1.000000000000000000e+00 0.000000000000000000e+00
-9.932238243755442397e-01 -1.162171875964058826e-01 0.000000000000000000e+00 5.883468139190897617e+00 1.162171875964054246e-01 -9.932238243755442397e-01 0.000000000000000000e+00 -1.201686317460422870e+01 0.000000000000000000e+00 0.000000000000000000e+00 1.000000000000000000e+00 0.000000000000000000e+00
-9.934004740845948644e-01 -1.146974197116153310e-01 0.000000000000000000e+00 5.886484007097392279e+00 1.146974197116148869e-01 -9.934004740845948644e-01 0.000000000000000000e+00 -1.199101932541780613e+01 0.000000000000000000e+00 0.000000000000000000e+00 1.000000000000000000e+00 0.000000000000000000e+00
-9.932238243755442397e-01 -1.162171875964058826e-01 0.000000000000000000e+00 5.888502894284901146e+00 1.162171875964054246e-01 -9.932238243755442397e-01 0.000000000000000000e+00 -1.196509782672417188e+01 0.000000000000000000e+00 0.000000000000000000e+00 1.000000000000000000e+00 0.000000000000000000e+00
-9.932238243755442397e-01 -1.162171875964058826e-01 0.000000000000000000e+00 5.891518762191394920e+00 1.162171875964054246e-01 -9.932238243755442397e-01 0.000000000000000000e+00 -1.193925397753774753e+01 0.000000000000000000e+00 0.000000000000000000e+00 1.000000000000000000e+00 0.000000000000000000e+00
