-9.952023575532035204e-01 -9.783796563985586170e-02 0.000000000000000000e+00 5.517503223928262202e+00 9.783796563985598660e-02 -9.952023575532032984e-01 0.000000000000000000e+00 -1.524067954580526241e+01 0.000000000000000000e+00 0.000000000000000000e+00 1.000000000000000000e+00 0.000000000000000000e+00
-9.952023575532035204e-01 -9.783796563985586170e-02 0.000000000000000000e+00 5.517503223928262202e+00 9.783796563985598660e-02 -9.952023575532032984e-01 0.000000000000000000e+00 -1.524067954580526241e+01 0.000000000000000000e+00 0.000000000000000000e+00 1.000000000000000000e+00 0.000000000000000000e+00
-9.952023575532035204e-01 -9.783796563985586170e-02 0.000000000000000000e+00 5.517503223928262202e+00 9.783796563985598660e-02 -9.952023575532032984e-01 0.000000000000000000e+00 -1.524067954580526241e+01 0.000000000000000000e+00 0.000000000000000000e+00 1.000000000000000000e+00 0.000000000000000000e+00
-9.952023575532035204e-01 -9.783796563985586170e-02 0.000000000000000000e+00 5.517503223928262202e+00 9.783796563985598660e-02 -9.952023575532032984e-01 0.000000000000000000e+00 -1.524067954580526241e+01 0.000000000000000000e+00 0.000000000000000000e+00 1.000000000000000000e+00 0.000000000000000000e+00
-9.952023575532035204e-01 -9.783796563985586170e-02 0.000000000000000000e+00 5.517503223928262202e+00 9.783796563985598660e-02 -9.952023575532032984e-01 0.000000000000000000e+00 -1.524067954580526241e+01 0.000000000000000000e+00 0.000000000000000000e+00 1.000000000000000000e+00 0.000000000000000000e+00
-9.952023575532035204e-01 -9.783796563985586170e-02 0.000000000000000000e+00 5.517503223928262202e+00 9.783796563985598660e-02 -9.952023575532032984e-01 0.000000000000000000e+00 -1.524067954580526241e+01 0.000000000000000000e+00 0.000000000000000000e+00 1.000000000000000000e+00 0.000000000000000000e+00
-9.952023575532035204e-01 -9.783796563985586170e-02 0.000000000000000000e+00 5.517503223928262202e+00 9.783796563985598660e-02 -9.952023575532032984e-01 0.000000000000000000e+00 -1.524067954580526241e+01 0.000000000000000000e+00 0.000000000000000000e+00 1.000000000000000000e+00 0.000000000000000000e+00
-9.952023575532035204e-01 -9.783796563985586170e-02 0.000000000000000000e+00 5.517503223928262202e+00 9.783796563985598660e-02 -9.952023575532032984e-01 0.000000000000000000e+00 -1.524067954580526241e+01 0.000000000000000000e+00 0.000000000000000000e+00 1.000000000000000000e+00 0.000000000000000000e+00
-9.952023575532035204e-01 -9.783796563985586170e-02 0.000000000000000000e+00 5.517503223928262202e+00 9.783796563985598660e-02 -9.952023575532032984e-01 0.000000000000000000e+00 -1.524067954580526241e+01 0.000000000000000000e+00 0.000000000000000000e+00 1.000000000000000000e+00 0.000000000000000000e+00
-9.952023575532035204e-01 -9.783796563985586170e-02 0.000000000000000000e+00 5.517503223928262202e+00 9.783796563985598660e-02 -9.952023575532032984e-01 0.000000000000000000e+00 -1.524067954580526241e+01 0.000000000000000000e+00 0.000000000000000000e+00 1.000000000000000000e+00 0.000000000000000000e+00
-9.952023575532035204e-01 -9.783796563985586170e-02 0.000000000000000000e+00 5.517503223928262202e+00 9.783796563985598660e-02 -9.952023575532032984e-01 0.000000000000000000e+00 -1.524067954580526241e+01 0.000000000000000000e+00 0.000000000000000000e+00 1.000000000000000000e+00 0.000000000000000000e+00
-9.952023575532035204e-01 -9.783796563985586170e-02 0.000000000000000000e+00 5.517503223928262202e+00 9.783796563985598660e-02 -9.952023575532032984e-01 0.000000000000000000e+00 -1.524067954580526241e+01 0.000000000000000000e+00 0.000000000000000000e+00 1.000000000000000000e+00 0.000000000000000000e+00
-9.952023575532035204e-01 -9.783796563985586170e-02 0.000000000000000000e+00 5.517503223928262202e+00 9.783796563985598660e-02 -9.952023575532032984e-01 0.000000000000000000e+00 -1.524067954580526241e+01 0.000000000000000000e+00 0.000000000000000000e+00 1.000000000000000000e+00 0.000000000000000000e+00
-9.952023575532035204e-01 -9.783796563985586170e-02 0.000000000000000000e+00 5.517503223928262202e+00 9.783796563985598660e-02 -9.952023575532032984e-01 0.000000000000000000e+00 -1.524067954580526241e+01 0.000000000000000000e+00 0.000000000000000000e+00 1.000000000000000000e+00 0.000000000000000000e+00
-9.952023575532035204e-01 -9.783796563985586170e-02 0.000000000000000000e+00 5.517503223928262202e+00 9.783796563985598660e-02 -9.952023575532032984e-01 0.000000000000000000e+00 -1.524067954580526241e+01 0.000000000000000000e+00 0.000000000000000000e+00 1.000000000000000000e+00 0.000000000000000000e+00
-9.952023575532035204e-01 -9.783796563985586170e-02 0.000000000000000000e+00 5.517527273686090084e+00 9.783796563985598660e-02 -9.952023575532032984e-01 0.000000000000000000e+00 -1.523967983504251933e+01 0.000000000000000000e+00 0.000000000000000000e+00 1.000000000000000000e+00 0.000000000000000000e+00
-9.950515006898045245e-01 -9.936051013842195356e-02 0.000000000000000000e+00 5.517767771264361798e+00 9.936051013842207846e-02 -9.950515006898045245e-01 0.000000000000000000e+00 -1.522968272741506546e+01 0.000000000000000000e+00 0.000000000000000000e+00 1.000000000000000000e+00 0.000000000000000000e+00
-9.952023575532035204e-01 -9.783796563985586170e-02 0.000000000000000000e+00 5.520320337219875917e+00 9.783796563985598660e-02 -9.952023575532032984e-01 0.000000000000000000e+00 -1.520673747938758247e+01 0.000000000000000000e+00 0.000000000000000000e+00 1.000000000000000000e+00 0.000000000000000000e+00
-9.952023575532035204e-01 -9.783796563985586170e-02 0.000000000000000000e+00 5.522993151964528558e+00 9.783796563985598660e-02 -9.952023575532032984e-01 0.000000000000000000e+00 -1.517879367754637521e+01 0.000000000000000000e+00 0.000000000000000000e+00 1.000000000000000000e+00 0.000000000000000000e+00
-9.952023575532035204e-01 -9.783796563985586170e-02 0.000000000000000000e+00 5.524666255946432791e+00 9.783796563985598660e-02 -9.952023575532032984e-01 0.000000000000000000e+00 -1.515082582594733651e+01 0.000000000000000000e+00 0.000000000000000000e+00 1.000000000000000000e+00 0.000000000000000000e+00
-9.952023575532035204e-01 -9.783796563985586170e-02 0.000000000000000000e+00 5.527339070691085432e+00 9.783796563985598660e-02 -9.952023575532032984e-01 0.000000000000000000e+00 -1.512288202410612747e+01 0.000000000000000000e+00 0.000000000000000000e+00 1.000000000000000000e+00 0.000000000000000000e+00
-9.952023575532035204e-01 -9.783796563985586170e-02 0.000000000000000000e+00 5.529963785920081420e+00 9.783796563985598660e-02 -9.952023575532032984e-01 0.000000000000000000e+00 -1.509693764379040815e+01 0.000000000000000000e+00 0.000000000000000000e+00 1.000000000000000000e+00 0.000000000000000000e+00
-9.952023575532035204e-01 -9.783796563985586170e-02 0.000000000000000000e+00 5.532564451391251303e+00 9.783796563985598660e-02 -9.952023575532032984e-01 0.000000000000000000e+00 -1.507199297423743367e+01 0.000000000000000000e+00 0.000000000000000000e+00 1.000000000000000000e+00 0.000000000000000000e+00
-9.950515006898045245e-01 -9.936051013842195356e-02 0.000000000000000000e+00 5.534189455857502438e+00 9.936051013842207846e-02 -9.950515006898045245e-01 0.000000000000000000e+00 -1.504602454416388824e+01 0.000000000000000000e+00 0.000000000000000000e+00 1.000000000000000000e+00 0.000000000000000000e+00
-9.950515006898045245e-01 -9.936051013842195356e-02 0.000000000000000000e+00 5.536838220844327196e+00 9.936051013842207846e-02 -9.950515006898045245e-01 0.000000000000000000e+00 -1.501908045308542405e+01 0.000000000000000000e+00 0.000000000000000000e+00 1.000000000000000000e+00 0.000000000000000000e+00
-9.950515006898045245e-01 -9.936051013842195356e-02 0.000000000000000000e+00 5.539511035588977172e+00 9.936051013842207846e-02 -9.950515006898045245e-01 0.000000000000000000e+00 -1.499113665124421502e+01 0.000000000000000000e+00 0.000000000000000000e+00 1.000000000000000000e+00 0.000000000000000000e+00
-9.952023575532035204e-01 -9.783796563985586170e-02 0.000000000000000000e+00 5.541184139570884071e+00 9.783796563985598660e-02 -9.952023575532032984e-01 0.000000000000000000e+00 -1.496316879964517810e+01 0.000000000000000000e+00 0.000000000000000000e+00 1.000000000000000000e+00 0.000000000000000000e+00
-9.950515006898045245e-01 -9.936051013842195356e-02 0.000000000000000000e+00 5.543808854799880059e+00 9.936051013842207846e-02 -9.950515006898045245e-01 0.000000000000000000e+00 -1.493722441932945877e+01 0.000000000000000000e+00 0.000000000000000000e+00 1.000000000000000000e+00 0.000000000000000000e+00
-9.950515006898045245e-01 -9.936051013842195356e-02 0.000000000000000000e+00 5.546457619786703042e+00 9.936051013842207846e-02 -9.950515006898045245e-01 0.000000000000000000e+00 -1.491028032825099636e+01 0.000000000000000000e+00 0.000000000000000000e+00 1.000000000000000000e+00 0.000000000000000000e+00
-9.952023575532035204e-01 -9.783796563985586170e-02 0.000000000000000000e+00 5.549082335015701695e+00 9.783796563985598660e-02 -9.952023575532032984e-01 0.000000000000000000e+00 -1.488433594793527703e+01 0.000000000000000000e+00 0.000000000000000000e+00 1.000000000000000000e+00 0.000000000000000000e+00
-9.952023575532035204e-01 -9.783796563985586170e-02 0.000000000000000000e+00 5.550731389239778935e+00 9.783796563985598660e-02 -9.952023575532032984e-01 0.000000000000000000e+00 -1.485736780709898497e+01 0.000000000000000000e+00 0.000000000000000000e+00 1.000000000000000000e+00 0.000000000000000000e+00
-9.950515006898045245e-01 -9.936051013842195356e-02 0.000000000000000000e+00 5.553380154226602805e+00 9.936051013842207846e-02 -9.950515006898045245e-01 0.000000000000000000e+00 -1.483042371602052079e+01 0.000000000000000000e+00 0.000000000000000000e+00 1.000000000000000000e+00 0.000000000000000000e+00
-9.950515006898045245e-01 -9.936051013842195356e-02 0.000000000000000000e+00 5.555980819697772688e+00 9.936051013842207846e-02 -9.950515006898045245e-01 0.000000000000000000e+00 -1.480547904646754631e+01 0.000000000000000000e+00 0.000000000000000000e+00 1.000000000000000000e+00 0.000000000000000000e+00
-9.952023575532035204e-01 -9.783796563985586170e-02 0.000000000000000000e+00 5.557581774406196828e+00 9.783796563985598660e-02 -9.952023575532032984e-01 0.000000000000000000e+00 -1.478051032715674573e+01 0.000000000000000000e+00 0.000000000000000000e+00 1.000000000000000000e+00 0.000000000000000000e+00
-9.952023575532035204e-01 -9.783796563985586170e-02 0.000000000000000000e+00 5.560206489635194593e+00 9.783796563985598660e-02 -9.952023575532032984e-01 0.000000000000000000e+00 -1.475456594684102640e+01 0.000000000000000000e+00 0.000000000000000000e+00 1.000000000000000000e+00 0.000000000000000000e+00
-9.952023575532035204e-01 -9.783796563985586170e-02 0.000000000000000000e+00 5.562807155106364476e+00 9.783796563985598660e-02 -9.952023575532032984e-01 0.000000000000000000e+00 -1.472962127728805193e+01 0.000000000000000000e+00 0.000000000000000000e+00 1.000000000000000000e+00 0.000000000000000000e+00
-9.952023575532035204e-01 -9.783796563985586170e-02 0.000000000000000000e+00 5.564432159572614722e+00 9.783796563985598660e-02 -9.952023575532032984e-01 0.000000000000000000e+00 -1.470365284721450649e+01 0.000000000000000000e+00 0.000000000000000000e+00 1.000000000000000000e+00 0.000000000000000000e+00
-9.952023575532035204e-01 -9.783796563985586170e-02 0.000000000000000000e+00 5.567056874801612487e+00 9.783796563985598660e-02 -9.952023575532032984e-01 0.000000000000000000e+00 -1.467770846689878717e+01 0.000000000000000000e+00 0.000000000000000000e+00 1.000000000000000000e+00 0.000000000000000000e+00
-9.950515006898045245e-01 -9.936051013842195356e-02 0.000000000000000000e+00 5.568681879267862733e+00 9.936051013842207846e-02 -9.950515006898045245e-01 0.000000000000000000e+00 -1.465174003682523995e+01 0.000000000000000000e+00 0.000000000000000000e+00 1.000000000000000000e+00 0.000000000000000000e+00
-9.952023575532035204e-01 -9.783796563985586170e-02 0.000000000000000000e+00 5.571306594496860498e+00 9.783796563985598660e-02 -9.952023575532032984e-01 0.000000000000000000e+00 -1.462579565650952240e+01 0.000000000000000000e+00 0.000000000000000000e+00 1.000000000000000000e+00 0.000000000000000000e+00
-9.952023575532035204e-01 -9.783796563985586170e-02 0.000000000000000000e+00 5.573955359483684369e+00 9.783796563985598660e-02 -9.952023575532032984e-01 0.000000000000000000e+00 -1.459885156543105644e+01 0.000000000000000000e+00 0.000000000000000000e+00 1.000000000000000000e+00 0.000000000000000000e+00
-9.950515006898045245e-01 -9.936051013842195356e-02 0.000000000000000000e+00 5.576580074712681245e+00 9.936051013842207846e-02 -9.950515006898045245e-01 0.000000000000000000e+00 -1.457290718511533711e+01 0.000000000000000000e+00 0.000000000000000000e+00 1.000000000000000000e+00 0.000000000000000000e+00
-9.952023575532035204e-01 -9.783796563985586170e-02 0.000000000000000000e+00 5.578205079178932380e+00 9.783796563985598660e-02 -9.952023575532032984e-01 0.000000000000000000e+00 -1.454693875504179168e+01 0.000000000000000000e+00 0.000000000000000000e+00 1.000000000000000000e+00 0.000000000000000000e+00
-9.952023575532035204e-01 -9.783796563985586170e-02 0.000000000000000000e+00 5.580853844165757138e+00 9.783796563985598660e-02 -9.952023575532032984e-01 0.000000000000000000e+00 -1.451999466396332750e+01 0.000000000000000000e+00 0.000000000000000000e+00 1.000000000000000000e+00 0.000000000000000000e+00
-9.950515006898045245e-01 -9.936051013842195356e-02 0.000000000000000000e+00 5.583478559394753127e+00 9.936051013842207846e-02 -9.950515006898045245e-01 0.000000000000000000e+00 -1.449405028364760994e+01 0.000000000000000000e+00 0.000000000000000000e+00 1.000000000000000000e+00 0.000000000000000000e+00
-9.952023575532035204e-01 -9.783796563985586170e-02 0.000000000000000000e+00 5.585127613618832143e+00 9.783796563985598660e-02 -9.952023575532032984e-01 0.000000000000000000e+00 -1.446708214281131610e+01 0.000000000000000000e+00 0.000000000000000000e+00 1.000000000000000000e+00 0.000000000000000000e+00
-9.950515006898045245e-01 -9.936051013842195356e-02 0.000000000000000000e+00 5.587752328847828132e+00 9.936051013842207846e-02 -9.950515006898045245e-01 0.000000000000000000e+00 -1.444113776249559855e+01 0.000000000000000000e+00 0.000000000000000000e+00 1.000000000000000000e+00 0.000000000000000000e+00
-9.950515006898045245e-01 -9.936051013842195356e-02 0.000000000000000000e+00 5.590401093834652002e+00 9.936051013842207846e-02 -9.950515006898045245e-01 0.000000000000000000e+00 -1.441419367141713437e+01 0.000000000000000000e+00 0.000000000000000000e+00 1.000000000000000000e+00 0.000000000000000000e+00
-9.950515006898045245e-01 -9.936051013842195356e-02 0.000000000000000000e+00 5.592050148058731018e+00 9.936051013842207846e-02 -9.950515006898045245e-01 0.000000000000000000e+00 -1.438722553058084230e+01 0.000000000000000000e+00 0.000000000000000000e+00 1.000000000000000000e+00 0.000000000000000000e+00
-9.952023575532035204e-01 -9.783796563985586170e-02 0.000000000000000000e+00 5.594650813529900901e+00 9.783796563985598660e-02 -9.952023575532032984e-01 0.000000000000000000e+00 -1.436228086102786783e+01 0.000000000000000000e+00 0.000000000000000000e+00 1.000000000000000000e+00 0.000000000000000000e+00
-9.950515006898045245e-01 -9.936051013842195356e-02 0.000000000000000000e+00 5.597251479001069896e+00 9.936051013842207846e-02 -9.950515006898045245e-01 0.000000000000000000e+00 -1.433733619147489513e+01 0.000000000000000000e+00 0.000000000000000000e+00 1.000000000000000000e+00 0.000000000000000000e+00
-9.950515006898045245e-01 -9.936051013842195356e-02 0.000000000000000000e+00 5.598852433709494925e+00 9.936051013842207846e-02 -9.950515006898045245e-01 0.000000000000000000e+00 -1.431236747216409455e+01 0.000000000000000000e+00 0.000000000000000000e+00 1.000000000000000000e+00 0.000000000000000000e+00
-9.952023575532035204e-01 -9.783796563985586170e-02 0.000000000000000000e+00 5.601453099180663919e+00 9.783796563985598660e-02 -9.952023575532032984e-01 0.000000000000000000e+00 -1.428742280261112008e+01 0.000000000000000000e+00 0.000000000000000000e+00 1.000000000000000000e+00 0.000000000000000000e+00
-9.952023575532035204e-01 -9.783796563985586170e-02 0.000000000000000000e+00 5.603054053889088948e+00 9.783796563985598660e-02 -9.952023575532032984e-01 0.000000000000000000e+00 -1.426245408330031772e+01 0.000000000000000000e+00 0.000000000000000000e+00 1.000000000000000000e+00 0.000000000000000000e+00
-9.952023575532035204e-01 -9.783796563985586170e-02 0.000000000000000000e+00 5.605654719360257943e+00 9.783796563985598660e-02 -9.952023575532032984e-01 0.000000000000000000e+00 -1.423750941374734325e+01 0.000000000000000000e+00 0.000000000000000000e+00 1.000000000000000000e+00 0.000000000000000000e+00
-9.952023575532035204e-01 -9.783796563985586170e-02 0.000000000000000000e+00 5.608231335073599944e+00 9.783796563985598660e-02 -9.952023575532032984e-01 0.000000000000000000e+00 -1.421356445495711540e+01 0.000000000000000000e+00 0.000000000000000000e+00 1.000000000000000000e+00 0.000000000000000000e+00
-9.952023575532035204e-01 -9.783796563985586170e-02 0.000000000000000000e+00 5.609832289782024972e+00 9.783796563985598660e-02 -9.952023575532032984e-01 0.000000000000000000e+00 -1.418859573564631482e+01 0.000000000000000000e+00 0.000000000000000000e+00 1.000000000000000000e+00 0.000000000000000000e+00
-9.950515006898045245e-01 -9.936051013842195356e-02 0.000000000000000000e+00 5.612432955253193967e+00 9.936051013842207846e-02 -9.950515006898045245e-01 0.000000000000000000e+00 -1.416365106609334035e+01 0.000000000000000000e+00 0.000000000000000000e+00 1.000000000000000000e+00 0.000000000000000000e+00
-9.952023575532035204e-01 -9.783796563985586170e-02 0.000000000000000000e+00 5.614033909961618996e+00 9.783796563985598660e-02 -9.952023575532032984e-01 0.000000000000000000e+00 -1.413868234678253799e+01 0.000000000000000000e+00 0.000000000000000000e+00 1.000000000000000000e+00 0.000000000000000000e+00
-9.952023575532035204e-01 -9.783796563985586170e-02 0.000000000000000000e+00 5.616634575432788878e+00 9.783796563985598660e-02 -9.952023575532032984e-01 0.000000000000000000e+00 -1.411373767722956529e+01 0.000000000000000000e+00 0.000000000000000000e+00 1.000000000000000000e+00 0.000000000000000000e+00
-9.956409487456391316e-01 -9.326897223022982686e-02 0.000000000000000000e+00 5.618187430625558143e+00 9.326897223022993788e-02 -9.956409487456390206e-01 0.000000000000000000e+00 -1.409076837944425264e+01 0.000000000000000000e+00 0.000000000000000000e+00 1.000000000000000000e+00 0.000000000000000000e+00
-9.959216899671072820e-01 -9.022187901535205778e-02 0.000000000000000000e+00 5.620715946823247045e+00 9.022187901535216881e-02 -9.959216899671071710e-01 0.000000000000000000e+00 -1.406882284217951629e+01 0.000000000000000000e+00 0.000000000000000000e+00 1.000000000000000000e+00 0.000000000000000000e+00
-9.964551936534377097e-01 -8.412518672246520335e-02 0.000000000000000000e+00 5.622244752258189315e+00 8.412518672246531437e-02 -9.964551936534375987e-01 0.000000000000000000e+00 -1.404685325515695027e+01 0.000000000000000000e+00 0.000000000000000000e+00 1.000000000000000000e+00 0.000000000000000000e+00
-9.970695876724442464e-01 -7.649991724637142387e-02 0.000000000000000000e+00 5.623749507935304592e+00 7.649991724637153490e-02 -9.970695876724441353e-01 0.000000000000000000e+00 -1.402588337889712911e+01 0.000000000000000000e+00 0.000000000000000000e+00 1.000000000000000000e+00 0.000000000000000000e+00
-9.975190919801315559e-01 -7.039645683650189167e-02 0.000000000000000000e+00 5.625278313370248640e+00 7.039645683650200270e-02 -9.975190919801314449e-01 0.000000000000000000e+00 -1.400391379187456309e+01 0.000000000000000000e+00 0.000000000000000000e+00 1.000000000000000000e+00 0.000000000000000000e+00
-9.978317026848834148e-01 -6.581711872291354237e-02 0.000000000000000000e+00 5.625807408042446056e+00 6.581711872291365339e-02 -9.978317026848834148e-01 0.000000000000000000e+00 -1.398192015509416919e+01 0.000000000000000000e+00 0.000000000000000000e+00 1.000000000000000000e+00 0.000000000000000000e+00
-9.980284311090499294e-01 -6.276345033543094531e-02 0.000000000000000000e+00 5.627360263235216209e+00 6.276345033543105634e-02 -9.980284311090498184e-01 0.000000000000000000e+00 -1.395895085730886009e+01 0.000000000000000000e+00 0.000000000000000000e+00 1.000000000000000000e+00 0.000000000000000000e+00
-9.980284311090499294e-01 -6.276345033543094531e-02 0.000000000000000000e+00 5.628961217943640349e+00 6.276345033543105634e-02 -9.980284311090498184e-01 0.000000000000000000e+00 -1.393398213799805951e+01 0.000000000000000000e+00 0.000000000000000000e+00 1.000000000000000000e+00 0.000000000000000000e+00
-9.980284311090499294e-01 -6.276345033543094531e-02 0.000000000000000000e+00 5.629586511647146629e+00 6.276345033543105634e-02 -9.980284311090498184e-01 0.000000000000000000e+00 -1.390798965816668442e+01 0.000000000000000000e+00 0.000000000000000000e+00 1.000000000000000000e+00 0.000000000000000000e+00
-9.981232910084484322e-01 -6.123639397012071994e-02 0.000000000000000000e+00 5.631211516113398652e+00 6.123639397012083790e-02 -9.981232910084483212e-01 0.000000000000000000e+00 -1.388202122809313899e+01 0.000000000000000000e+00 0.000000000000000000e+00 1.000000000000000000e+00 0.000000000000000000e+00
-9.980284311090499294e-01 -6.276345033543094531e-02 0.000000000000000000e+00 5.632836520579648898e+00 6.276345033543105634e-02 -9.980284311090498184e-01 0.000000000000000000e+00 -1.385605279801959178e+01 0.000000000000000000e+00 0.000000000000000000e+00 1.000000000000000000e+00 0.000000000000000000e+00
-9.980284311090499294e-01 -6.276345033543094531e-02 0.000000000000000000e+00 5.634485574803728802e+00 6.276345033543105634e-02 -9.980284311090498184e-01 0.000000000000000000e+00 -1.382908465718330149e+01 0.000000000000000000e+00 0.000000000000000000e+00 1.000000000000000000e+00 0.000000000000000000e+00
-9.981232910084484322e-01 -6.123639397012071994e-02 0.000000000000000000e+00 5.635110868507235082e+00 6.123639397012083790e-02 -9.981232910084483212e-01 0.000000000000000000e+00 -1.380309217735192817e+01 0.000000000000000000e+00 0.000000000000000000e+00 1.000000000000000000e+00 0.000000000000000000e+00
-9.980284311090499294e-01 -6.276345033543094531e-02 0.000000000000000000e+00 5.636759922731314099e+00 6.276345033543105634e-02 -9.980284311090498184e-01 0.000000000000000000e+00 -1.377612403651563611e+01 0.000000000000000000e+00 0.000000000000000000e+00 1.000000000000000000e+00 0.000000000000000000e+00
-9.980284311090499294e-01 -6.276345033543094531e-02 0.000000000000000000e+00 5.638384927197564345e+00 6.276345033543105634e-02 -9.980284311090498184e-01 0.000000000000000000e+00 -1.375015560644209067e+01 0.000000000000000000e+00 0.000000000000000000e+00 1.000000000000000000e+00 0.000000000000000000e+00
-9.980284311090499294e-01 -6.276345033543094531e-02 0.000000000000000000e+00 5.640033981421644249e+00 6.276345033543105634e-02 -9.980284311090498184e-01 0.000000000000000000e+00 -1.372318746560580038e+01 0.000000000000000000e+00 0.000000000000000000e+00 1.000000000000000000e+00 0.000000000000000000e+00
-9.980284311090499294e-01 -6.276345033543094531e-02 0.000000000000000000e+00 5.640635225367323535e+00 6.276345033543105634e-02 -9.980284311090498184e-01 0.000000000000000000e+00 -1.369819469653717015e+01 0.000000000000000000e+00 0.000000000000000000e+00 1.000000000000000000e+00 0.000000000000000000e+00
-9.981232910084484322e-01 -6.123639397012071994e-02 0.000000000000000000e+00 5.642260229833575558e+00 6.123639397012083790e-02 -9.981232910084483212e-01 0.000000000000000000e+00 -1.367222626646362471e+01 0.000000000000000000e+00 0.000000000000000000e+00 1.000000000000000000e+00 0.000000000000000000e+00
-9.980284311090499294e-01 -6.276345033543094531e-02 0.000000000000000000e+00 5.643885234299826692e+00 6.276345033543105634e-02 -9.980284311090498184e-01 0.000000000000000000e+00 -1.364625783639007928e+01 0.000000000000000000e+00 0.000000000000000000e+00 1.000000000000000000e+00 0.000000000000000000e+00
-9.980284311090499294e-01 -6.276345033543094531e-02 0.000000000000000000e+00 5.645510238766077826e+00 6.276345033543105634e-02 -9.980284311090498184e-01 0.000000000000000000e+00 -1.362028940631653207e+01 0.000000000000000000e+00 0.000000000000000000e+00 1.000000000000000000e+00 0.000000000000000000e+00
-9.980284311090499294e-01 -6.276345033543094531e-02 0.000000000000000000e+00 5.646135532469584994e+00 6.276345033543105634e-02 -9.980284311090498184e-01 0.000000000000000000e+00 -1.359429692648515697e+01 0.000000000000000000e+00 0.000000000000000000e+00 1.000000000000000000e+00 0.000000000000000000e+00
-9.980284311090499294e-01 -6.276345033543094531e-02 0.000000000000000000e+00 5.647736487178009135e+00 6.276345033543105634e-02 -9.980284311090498184e-01 0.000000000000000000e+00 -1.356932820717435817e+01 0.000000000000000000e+00 0.000000000000000000e+00 1.000000000000000000e+00 0.000000000000000000e+00
-9.980284311090499294e-01 -6.276345033543094531e-02 0.000000000000000000e+00 5.649361491644261157e+00 6.276345033543105634e-02 -9.980284311090498184e-01 0.000000000000000000e+00 -1.354335977710081274e+01 0.000000000000000000e+00 0.000000000000000000e+00 1.000000000000000000e+00 0.000000000000000000e+00
-9.980284311090499294e-01 -6.276345033543094531e-02 0.000000000000000000e+00 5.650986496110512292e+00 6.276345033543105634e-02 -9.980284311090498184e-01 0.000000000000000000e+00 -1.351739134702726375e+01 0.000000000000000000e+00 0.000000000000000000e+00 1.000000000000000000e+00 0.000000000000000000e+00
-9.980284311090499294e-01 -6.276345033543094531e-02 0.000000000000000000e+00 5.651611789814018572e+00 6.276345033543105634e-02 -9.980284311090498184e-01 0.000000000000000000e+00 -1.349139886719589043e+01 0.000000000000000000e+00 0.000000000000000000e+00 1.000000000000000000e+00 0.000000000000000000e+00
-9.980284311090499294e-01 -6.276345033543094531e-02 0.000000000000000000e+00 5.653236794280269706e+00 6.276345033543105634e-02 -9.980284311090498184e-01 0.000000000000000000e+00 -1.346543043712234500e+01 0.000000000000000000e+00 0.000000000000000000e+00 1.000000000000000000e+00 0.000000000000000000e+00
-9.980284311090499294e-01 -6.276345033543094531e-02 0.000000000000000000e+00 5.654861798746522616e+00 6.276345033543105634e-02 -9.980284311090498184e-01 0.000000000000000000e+00 -1.343946200704879779e+01 0.000000000000000000e+00 0.000000000000000000e+00 1.000000000000000000e+00 0.000000000000000000e+00
-9.980284311090499294e-01 -6.276345033543094531e-02 0.000000000000000000e+00 5.655463042692201903e+00 6.276345033543105634e-02 -9.980284311090498184e-01 0.000000000000000000e+00 -1.341446923798016932e+01 0.000000000000000000e+00 0.000000000000000000e+00 1.000000000000000000e+00 0.000000000000000000e+00
-9.980284311090499294e-01 -6.276345033543094531e-02 0.000000000000000000e+00 5.657088047158452149e+00 6.276345033543105634e-02 -9.980284311090498184e-01 0.000000000000000000e+00 -1.338850080790662389e+01 0.000000000000000000e+00 0.000000000000000000e+00 1.000000000000000000e+00 0.000000000000000000e+00
-9.980284311090499294e-01 -6.276345033543094531e-02 0.000000000000000000e+00 5.658713051624704171e+00 6.276345033543105634e-02 -9.980284311090498184e-01 0.000000000000000000e+00 -1.336253237783307846e+01 0.000000000000000000e+00 0.000000000000000000e+00 1.000000000000000000e+00 0.000000000000000000e+00
-9.980284311090499294e-01 -6.276345033543094531e-02 0.000000000000000000e+00 5.660338056090956194e+00 6.276345033543105634e-02 -9.980284311090498184e-01 0.000000000000000000e+00 -1.333656394775953125e+01 0.000000000000000000e+00 0.000000000000000000e+00 1.000000000000000000e+00 0.000000000000000000e+00
-9.980284311090499294e-01 -6.276345033543094531e-02 0.000000000000000000e+00 5.660963349794462474e+00 6.276345033543105634e-02 -9.980284311090498184e-01 0.000000000000000000e+00 -1.331057146792815793e+01 0.000000000000000000e+00 0.000000000000000000e+00 1.000000000000000000e+00 0.000000000000000000e+00
-9.980284311090499294e-01 -6.276345033543094531e-02 0.000000000000000000e+00 5.662588354260712720e+00 6.276345033543105634e-02 -9.980284311090498184e-01 0.000000000000000000e+00 -1.328460303785461250e+01 0.000000000000000000e+00 0.000000000000000000e+00 1.000000000000000000e+00 0.000000000000000000e+00
-9.980284311090499294e-01 -6.276345033543094531e-02 0.000000000000000000e+00 5.664189308969137748e+00 6.276345033543105634e-02 -9.980284311090498184e-01 0.000000000000000000e+00 -1.325963431854381014e+01 0.000000000000000000e+00 0.000000000000000000e+00 1.000000000000000000e+00 0.000000000000000000e+00
-9.980284311090499294e-01 -6.276345033543094531e-02 0.000000000000000000e+00 5.665814313435390659e+00 6.276345033543105634e-02 -9.980284311090498184e-01 0.000000000000000000e+00 -1.323366588847026470e+01 0.000000000000000000e+00 0.000000000000000000e+00 1.000000000000000000e+00 0.000000000000000000e+00
-9.980284311090499294e-01 -6.276345033543094531e-02 0.000000000000000000e+00 5.666439607138896939e+00 6.276345033543105634e-02 -9.980284311090498184e-01 0.000000000000000000e+00 -1.320767340863889139e+01 0.000000000000000000e+00 0.000000000000000000e+00 1.000000000000000000e+00 0.000000000000000000e+00
-9.980284311090499294e-01 -6.276345033543094531e-02 0.000000000000000000e+00 5.668064611605148073e+00 6.276345033543105634e-02 -9.980284311090498184e-01 0.000000000000000000e+00 -1.318170497856534595e+01 0.000000000000000000e+00 0.000000000000000000e+00 1.000000000000000000e+00 0.000000000000000000e+00
-9.980284311090499294e-01 -6.276345033543094531e-02 0.000000000000000000e+00 5.669689616071399207e+00 6.276345033543105634e-02 -9.980284311090498184e-01 0.000000000000000000e+00 -1.315573654849179697e+01 0.000000000000000000e+00 0.000000000000000000e+00 1.000000000000000000e+00 0.000000000000000000e+00
-9.980284311090499294e-01 -6.276345033543094531e-02 0.000000000000000000e+00 5.671314620537650342e+00 6.276345033543105634e-02 -9.980284311090498184e-01 0.000000000000000000e+00 -1.312976811841825153e+01 0.000000000000000000e+00 0.000000000000000000e+00 1.000000000000000000e+00 0.000000000000000000e+00
-9.980284311090499294e-01 -6.276345033543094531e-02 0.000000000000000000e+00 5.671915864483329628e+00 6.276345033543105634e-02 -9.980284311090498184e-01 0.000000000000000000e+00 -1.310477534934962485e+01 0.000000000000000000e+00 0.000000000000000000e+00 1.000000000000000000e+00 0.000000000000000000e+00
-9.981232910084484322e-01 -6.123639397012071994e-02 0.000000000000000000e+00 5.673540868949582539e+00 6.123639397012083790e-02 -9.981232910084483212e-01 0.000000000000000000e+00 -1.307880691927607764e+01 0.000000000000000000e+00 0.000000000000000000e+00 1.000000000000000000e+00 0.000000000000000000e+00
-9.980284311090499294e-01 -6.276345033543094531e-02 0.000000000000000000e+00 5.675165873415833673e+00 6.276345033543105634e-02 -9.980284311090498184e-01 0.000000000000000000e+00 -1.305283848920253043e+01 0.000000000000000000e+00 0.000000000000000000e+00 1.000000000000000000e+00 0.000000000000000000e+00
-9.980284311090499294e-01 -6.276345033543094531e-02 0.000000000000000000e+00 5.675791167119339953e+00 6.276345033543105634e-02 -9.980284311090498184e-01 0.000000000000000000e+00 -1.302684600937115711e+01 0.000000000000000000e+00 0.000000000000000000e+00 1.000000000000000000e+00 0.000000000000000000e+00
-9.980284311090499294e-01 -6.276345033543094531e-02 0.000000000000000000e+00 5.677416171585591087e+00 6.276345033543105634e-02 -9.980284311090498184e-01 0.000000000000000000e+00 -1.300087757929761167e+01 0.000000000000000000e+00 0.000000000000000000e+00 1.000000000000000000e+00 0.000000000000000000e+00
-9.980284311090499294e-01 -6.276345033543094531e-02 0.000000000000000000e+00 5.679041176051843109e+00 6.276345033543105634e-02 -9.980284311090498184e-01 0.000000000000000000e+00 -1.297490914922406624e+01 0.000000000000000000e+00 0.000000000000000000e+00 1.000000000000000000e+00 0.000000000000000000e+00
-9.980284311090499294e-01 -6.276345033543094531e-02 0.000000000000000000e+00 5.680666180518095132e+00 6.276345033543105634e-02 -9.980284311090498184e-01 0.000000000000000000e+00 -1.294894071915051903e+01 0.000000000000000000e+00 0.000000000000000000e+00 1.000000000000000000e+00 0.000000000000000000e+00
-9.980284311090499294e-01 -6.276345033543094531e-02 0.000000000000000000e+00 5.681315523979428406e+00 6.276345033543105634e-02 -9.980284311090498184e-01 0.000000000000000000e+00 -1.292194852855639908e+01 0.000000000000000000e+00 0.000000000000000000e+00 1.000000000000000000e+00 0.000000000000000000e+00
-9.980284311090499294e-01 -6.276345033543094531e-02 0.000000000000000000e+00 5.682940528445679540e+00 6.276345033543105634e-02 -9.980284311090498184e-01 0.000000000000000000e+00 -1.289598009848285365e+01 0.000000000000000000e+00 0.000000000000000000e+00 1.000000000000000000e+00 0.000000000000000000e+00
-9.980284311090499294e-01 -6.276345033543094531e-02 0.000000000000000000e+00 5.684565532911931562e+00 6.276345033543105634e-02 -9.980284311090498184e-01 0.000000000000000000e+00 -1.287001166840930821e+01 0.000000000000000000e+00 0.000000000000000000e+00 1.000000000000000000e+00 0.000000000000000000e+00
-9.980284311090499294e-01 -6.276345033543094531e-02 0.000000000000000000e+00 5.686190537378182697e+00 6.276345033543105634e-02 -9.980284311090498184e-01 0.000000000000000000e+00 -1.284404323833576100e+01 0.000000000000000000e+00 0.000000000000000000e+00 1.000000000000000000e+00 0.000000000000000000e+00
-9.980284311090499294e-01 -6.276345033543094531e-02 0.000000000000000000e+00 5.686815831081688977e+00 6.276345033543105634e-02 -9.980284311090498184e-01 0.000000000000000000e+00 -1.281805075850438769e+01 0.000000000000000000e+00 0.000000000000000000e+00 1.000000000000000000e+00 0.000000000000000000e+00
-9.980284311090499294e-01 -6.276345033543094531e-02 0.000000000000000000e+00 5.688440835547940999e+00 6.276345033543105634e-02 -9.980284311090498184e-01 0.000000000000000000e+00 -1.279208232843084225e+01 0.000000000000000000e+00 0.000000000000000000e+00 1.000000000000000000e+00 0.000000000000000000e+00
-9.980284311090499294e-01 -6.276345033543094531e-02 0.000000000000000000e+00 5.690065840014193022e+00 6.276345033543105634e-02 -9.980284311090498184e-01 0.000000000000000000e+00 -1.276611389835729682e+01 0.000000000000000000e+00 0.000000000000000000e+00 1.000000000000000000e+00 0.000000000000000000e+00
-9.980284311090499294e-01 -6.276345033543094531e-02 0.000000000000000000e+00 5.691666794722616274e+00 6.276345033543105634e-02 -9.980284311090498184e-01 0.000000000000000000e+00 -1.274114517904649446e+01 0.000000000000000000e+00 0.000000000000000000e+00 1.000000000000000000e+00 0.000000000000000000e+00
-9.980284311090499294e-01 -6.276345033543094531e-02 0.000000000000000000e+00 5.692292088426122554e+00 6.276345033543105634e-02 -9.980284311090498184e-01 0.000000000000000000e+00 -1.271515269921512115e+01 0.000000000000000000e+00 0.000000000000000000e+00 1.000000000000000000e+00 0.000000000000000000e+00
-9.980284311090499294e-01 -6.276345033543094531e-02 0.000000000000000000e+00 5.693917092892374576e+00 6.276345033543105634e-02 -9.980284311090498184e-01 0.000000000000000000e+00 -1.268918426914157571e+01 0.000000000000000000e+00 0.000000000000000000e+00 1.000000000000000000e+00 0.000000000000000000e+00
-9.980284311090499294e-01 -6.276345033543094531e-02 0.000000000000000000e+00 5.695542097358627487e+00 6.276345033543105634e-02 -9.980284311090498184e-01 0.000000000000000000e+00 -1.266321583906803028e+01 0.000000000000000000e+00 0.000000000000000000e+00 1.000000000000000000e+00 0.000000000000000000e+00
-9.980284311090499294e-01 -6.276345033543094531e-02 0.000000000000000000e+00 5.697167101824878621e+00 6.276345033543105634e-02 -9.980284311090498184e-01 0.000000000000000000e+00 -1.263724740899448307e+01 0.000000000000000000e+00 0.000000000000000000e+00 1.000000000000000000e+00 0.000000000000000000e+00
-9.980284311090499294e-01 -6.276345033543094531e-02 0.000000000000000000e+00 5.697792395528384901e+00 6.276345033543105634e-02 -9.980284311090498184e-01 0.000000000000000000e+00 -1.261125492916310797e+01 0.000000000000000000e+00 0.000000000000000000e+00 1.000000000000000000e+00 0.000000000000000000e+00
-9.980284311090499294e-01 -6.276345033543094531e-02 0.000000000000000000e+00 5.699393350236809042e+00 6.276345033543105634e-02 -9.980284311090498184e-01 0.000000000000000000e+00 -1.258628620985230917e+01 0.000000000000000000e+00 0.000000000000000000e+00 1.000000000000000000e+00 0.000000000000000000e+00
-9.980284311090499294e-01 -6.276345033543094531e-02 0.000000000000000000e+00 5.701018354703060176e+00 6.276345033543105634e-02 -9.980284311090498184e-01 0.000000000000000000e+00 -1.256031777977876196e+01 0.000000000000000000e+00 0.000000000000000000e+00 1.000000000000000000e+00 0.000000000000000000e+00
-9.980284311090499294e-01 -6.276345033543094531e-02 0.000000000000000000e+00 5.702643359169312198e+00 6.276345033543105634e-02 -9.980284311090498184e-01 0.000000000000000000e+00 -1.253434934970521475e+01 0.000000000000000000e+00 0.000000000000000000e+00 1.000000000000000000e+00 0.000000000000000000e+00
-9.980284311090499294e-01 -6.276345033543094531e-02 0.000000000000000000e+00 5.703268652872819366e+00 6.276345033543105634e-02 -9.980284311090498184e-01 0.000000000000000000e+00 -1.250835686987384143e+01 0.000000000000000000e+00 0.000000000000000000e+00 1.000000000000000000e+00 0.000000000000000000e+00
-9.981232910084484322e-01 -6.123639397012071994e-02 0.000000000000000000e+00 5.704893657339070501e+00 6.123639397012083790e-02 -9.981232910084483212e-01 0.000000000000000000e+00 -1.248238843980029600e+01 0.000000000000000000e+00 0.000000000000000000e+00 1.000000000000000000e+00 0.000000000000000000e+00
-9.980284311090499294e-01 -6.276345033543094531e-02 0.000000000000000000e+00 5.706518661805321635e+00 6.276345033543105634e-02 -9.980284311090498184e-01 0.000000000000000000e+00 -1.245642000972674879e+01 0.000000000000000000e+00 0.000000000000000000e+00 1.000000000000000000e+00 0.000000000000000000e+00
-9.980284311090499294e-01 -6.276345033543094531e-02 0.000000000000000000e+00 5.707119905751000921e+00 6.276345033543105634e-02 -9.980284311090498184e-01 0.000000000000000000e+00 -1.243142724065812033e+01 0.000000000000000000e+00 0.000000000000000000e+00 1.000000000000000000e+00 0.000000000000000000e+00
-9.980284311090499294e-01 -6.276345033543094531e-02 0.000000000000000000e+00 5.708744910217252944e+00 6.276345033543105634e-02 -9.980284311090498184e-01 0.000000000000000000e+00 -1.240545881058457489e+01 0.000000000000000000e+00 0.000000000000000000e+00 1.000000000000000000e+00 0.000000000000000000e+00
-9.980284311090499294e-01 -6.276345033543094531e-02 0.000000000000000000e+00 5.710369914683504078e+00 6.276345033543105634e-02 -9.980284311090498184e-01 0.000000000000000000e+00 -1.237949038051102946e+01 0.000000000000000000e+00 0.000000000000000000e+00 1.000000000000000000e+00 0.000000000000000000e+00
-9.981232910084484322e-01 -6.123639397012071994e-02 0.000000000000000000e+00 5.711994919149756100e+00 6.123639397012083790e-02 -9.981232910084483212e-01 0.000000000000000000e+00 -1.235352195043748225e+01 0.000000000000000000e+00 0.000000000000000000e+00 1.000000000000000000e+00 0.000000000000000000e+00
-9.980284311090499294e-01 -6.276345033543094531e-02 0.000000000000000000e+00 5.712620212853262380e+00 6.276345033543105634e-02 -9.980284311090498184e-01 0.000000000000000000e+00 -1.232752947060610893e+01 0.000000000000000000e+00 0.000000000000000000e+00 1.000000000000000000e+00 0.000000000000000000e+00
-9.980284311090499294e-01 -6.276345033543094531e-02 0.000000000000000000e+00 5.714245217319514403e+00 6.276345033543105634e-02 -9.980284311090498184e-01 0.000000000000000000e+00 -1.230156104053256350e+01 0.000000000000000000e+00 0.000000000000000000e+00 1.000000000000000000e+00 0.000000000000000000e+00
